110
89
1114
1 14 1
1 31 1
1 38 1
1 52 2
1 58 1
1 61 1
1 65 1
1 83 1
1 87 1
2 13 3
2 23 2
2 26 1
2 27 1
2 33 2
2 39 1
2 54 1
2 60 3
2 65 2
2 78 1
2 79 1
2 80 3
2 81 1
3 6 1
3 13 6
3 19 1
3 20 1
3 39 1
3 43 2
3 48 5
3 49 1
3 54 1
3 59 4
3 65 2
3 68 3
3 72 1
3 80 1
4 13 4
4 21 1
4 23 1
4 43 1
4 48 1
4 49 1
4 65 2
4 80 2
4 86 1
5 7 1
5 9 1
5 13 1
5 16 1
5 26 1
5 27 1
5 28 1
5 29 1
5 32 1
5 33 3
5 35 1
5 36 1
5 44 2
5 51 1
5 55 2
5 59 3
5 60 1
5 61 1
5 65 1
5 74 1
5 78 1
5 84 2
6 5 1
6 39 1
6 47 1
6 65 2
7 9 1
7 20 2
7 23 2
7 36 1
7 38 1
7 59 2
7 65 1
7 67 10
7 70 1
7 80 3
7 81 1
7 87 1
8 14 1
8 15 1
8 31 2
8 47 1
8 58 1
8 65 1
8 87 1
9 5 5
9 29 2
9 31 1
9 42 1
9 43 2
9 46 1
9 47 1
9 56 2
9 65 2
9 82 1
10 4 5
10 21 2
10 29 1
10 40 1
10 44 1
10 53 2
10 55 1
10 65 1
11 9 5
11 14 1
11 16 2
11 28 4
11 36 1
11 59 1
11 60 2
11 65 6
11 72 1
11 74 2
11 77 1
11 80 1
12 9 2
12 15 1
12 28 3
12 36 1
12 37 1
12 42 2
12 45 1
12 49 1
12 55 1
12 59 1
12 65 8
12 74 4
12 77 3
12 80 1
12 82 1
13 14 1
13 15 1
13 17 1
13 18 1
13 26 1
13 32 1
13 40 1
13 49 1
13 55 1
13 57 1
13 60 1
13 65 6
13 71 1
13 72 1
13 77 3
13 79 3
13 80 3
13 81 2
13 82 1
14 14 1
14 29 1
14 34 6
14 36 1
14 49 1
14 59 1
14 60 1
14 65 6
14 77 1
14 78 1
14 80 2
14 81 2
14 82 1
15 5 1
15 10 1
15 14 2
15 34 1
15 42 1
15 43 1
15 57 1
15 60 4
15 65 6
15 77 2
15 80 1
15 82 1
16 6 1
16 40 1
16 47 1
16 58 1
16 65 1
16 85 1
16 89 1
17 5 1
17 22 1
17 35 1
17 40 1
17 62 2
17 65 2
17 87 1
18 9 1
18 14 2
18 16 1
18 19 1
18 20 1
18 28 4
18 36 1
18 37 1
18 40 1
18 42 1
18 47 1
18 49 2
18 54 1
18 59 2
18 65 1
18 74 3
18 78 1
18 80 4
18 82 2
18 86 1
19 9 1
19 16 1
19 28 1
19 32 1
19 37 1
19 40 1
19 42 1
19 49 1
19 52 1
19 54 1
19 57 1
19 59 1
19 60 1
19 65 4
19 77 2
19 80 5
19 81 1
20 9 2
20 16 1
20 28 1
20 32 1
20 33 1
20 34 1
20 53 1
20 57 1
20 59 2
20 60 3
20 65 1
20 73 1
20 77 1
20 80 3
20 87 1
21 9 1
21 10 1
21 15 1
21 21 2
21 26 1
21 28 2
21 30 1
21 43 1
21 48 3
21 52 1
21 53 1
21 54 1
21 59 1
21 60 5
21 61 2
21 65 1
21 68 1
21 80 1
21 82 2
22 9 3
22 15 2
22 16 1
22 19 4
22 27 2
22 32 7
22 36 3
22 37 1
22 40 1
22 48 4
22 54 1
22 59 2
22 60 4
22 65 2
22 68 2
22 69 5
22 80 2
22 82 1
23 12 2
23 15 1
23 27 6
23 29 1
23 32 3
23 33 5
23 35 1
23 36 1
23 37 1
23 42 1
23 44 1
23 47 2
23 49 1
23 57 1
23 60 9
23 65 1
23 69 1
23 71 1
24 9 5
24 11 1
24 16 3
24 27 1
24 29 2
24 33 1
24 35 1
24 36 4
24 53 1
24 55 1
24 59 1
24 60 2
24 65 1
24 66 1
24 69 2
24 71 1
24 72 1
25 3 4
25 9 1
25 11 1
25 14 1
25 20 1
25 34 4
25 37 1
25 43 1
25 44 1
25 55 1
25 64 1
25 65 3
25 74 1
25 80 2
25 86 1
26 14 1
26 15 1
26 20 2
26 28 1
26 39 1
26 40 1
26 53 1
26 59 2
26 62 1
26 65 1
26 82 1
27 25 1
27 53 1
27 57 1
27 62 1
27 65 1
28 4 1
28 36 1
28 40 1
28 51 4
28 58 1
28 65 1
28 82 2
28 83 1
28 84 1
28 85 2
29 5 1
29 9 1
29 12 1
29 16 2
29 31 1
29 53 1
29 59 4
29 60 2
29 61 2
29 65 1
29 74 4
30 10 1
30 15 1
30 43 1
30 44 1
30 59 1
30 65 1
30 84 1
30 88 1
31 8 1
31 34 2
31 55 2
31 59 1
31 62 1
31 65 1
31 70 2
31 82 1
31 83 1
32 7 3
32 8 1
32 25 2
32 29 1
32 38 1
32 39 1
32 58 1
32 65 1
32 68 2
32 69 1
32 80 1
32 81 1
33 14 2
33 39 1
33 65 1
33 82 1
33 87 1
34 21 2
34 29 2
34 39 1
34 43 1
34 52 1
34 64 1
34 65 1
34 68 1
34 71 1
34 82 1
35 29 2
35 35 1
35 38 1
35 40 1
35 64 1
35 65 1
36 9 1
36 15 1
36 26 2
36 28 1
36 49 1
36 65 1
36 79 6
36 80 6
36 82 1
36 87 1
37 6 1
37 9 1
37 17 1
37 24 1
37 32 1
37 54 1
37 59 1
37 60 2
37 65 3
37 71 1
37 79 4
38 40 1
38 54 1
38 59 2
38 60 4
38 65 3
38 71 4
38 78 1
38 79 1
38 80 1
39 6 1
39 7 1
39 9 3
39 11 1
39 19 1
39 30 1
39 33 2
39 35 1
39 36 1
39 48 2
39 59 2
39 60 4
39 65 4
39 71 2
39 79 2
40 9 8
40 12 1
40 14 1
40 16 2
40 19 1
40 28 2
40 30 1
40 33 1
40 35 1
40 39 1
40 42 1
40 47 1
40 55 1
40 59 7
40 60 3
40 61 1
40 65 1
40 79 1
40 82 2
41 6 1
41 7 1
41 10 1
41 21 1
41 28 1
41 32 6
41 34 1
41 37 1
41 48 2
41 59 1
41 60 6
41 65 4
41 78 4
41 79 2
41 80 2
42 7 3
42 24 1
42 32 2
42 34 2
42 54 1
42 59 2
42 60 2
42 65 6
42 78 5
42 79 1
43 10 1
43 20 1
43 22 2
43 31 2
43 33 1
43 47 1
43 53 1
43 58 1
43 63 1
43 64 3
43 65 1
43 86 1
44 40 1
44 44 1
44 57 1
44 65 1
44 75 2
45 25 5
45 47 1
45 53 2
45 58 1
45 65 2
45 82 1
45 87 1
46 6 1
46 21 1
46 33 1
46 37 1
46 56 2
46 57 1
46 58 1
46 65 1
47 44 1
47 59 3
47 65 1
47 66 4
48 40 1
48 42 1
48 50 1
48 53 1
48 59 4
48 61 1
48 65 1
48 66 2
48 83 1
48 87 1
49 18 1
49 38 1
49 64 1
49 65 1
49 76 1
49 82 2
50 8 1
50 40 1
50 43 2
50 65 1
50 76 7
50 82 2
50 89 5
51 42 2
51 56 1
51 65 1
51 72 3
51 73 2
51 82 1
52 5 1
52 7 1
52 10 1
52 57 1
52 65 2
52 87 1
53 4 8
53 11 1
53 16 1
53 17 4
53 24 1
53 39 1
53 54 1
53 57 1
53 65 2
53 80 2
53 81 1
53 82 1
53 87 1
54 11 1
54 19 1
54 20 2
54 25 4
54 43 2
54 59 1
54 65 1
54 87 1
55 47 1
55 65 1
55 78 1
55 82 2
55 85 1
55 89 2
56 15 1
56 24 6
56 38 1
56 40 2
56 47 1
56 48 1
56 59 4
56 65 2
56 70 5
56 75 1
57 8 1
57 17 1
57 19 1
57 31 1
57 65 1
57 70 1
58 7 1
58 18 1
58 44 1
58 65 1
58 82 1
59 5 1
59 14 1
59 20 1
59 24 2
59 25 2
59 40 1
59 43 1
59 57 1
59 59 1
59 65 1
60 8 2
60 14 1
60 25 1
60 54 1
60 59 1
60 65 1
60 73 1
61 2 1
61 33 1
61 34 1
61 45 2
61 55 1
61 65 1
61 84 1
62 37 1
62 45 2
62 54 1
62 65 1
62 79 2
62 82 2
63 2 1
63 51 1
63 65 1
63 89 1
64 11 1
64 45 1
64 65 1
64 66 1
64 76 1
64 82 1
64 85 1
65 1 3
65 11 1
65 21 1
65 30 1
65 50 2
65 51 2
65 54 1
65 65 2
65 75 1
65 82 2
65 84 2
65 85 1
66 10 1
66 30 1
66 51 2
66 65 1
66 66 1
66 68 1
66 69 1
66 83 1
66 85 3
66 86 1
67 50 1
67 65 1
68 45 1
68 65 1
68 72 1
68 84 1
69 10 1
69 46 1
69 65 1
70 65 1
71 10 1
71 30 1
71 51 2
71 65 1
71 66 1
71 68 1
71 69 1
71 83 1
71 85 3
71 86 1
72 1 2
72 2 2
72 30 1
72 38 1
72 45 1
72 51 3
72 52 1
72 53 1
72 65 1
73 1 1
73 2 1
73 11 1
73 34 1
73 38 1
73 45 2
73 51 1
73 52 1
73 55 1
73 59 1
73 65 1
73 82 2
73 84 1
74 41 1
74 51 1
74 52 1
74 54 1
74 58 1
74 65 1
74 83 1
75 46 1
75 47 1
75 48 1
75 51 1
75 55 1
75 65 1
75 71 1
75 80 1
75 88 1
76 3 2
76 9 1
76 11 1
76 16 1
76 20 1
76 36 1
76 47 1
76 49 1
76 56 1
76 60 2
76 65 1
76 80 3
77 2 1
77 7 1
77 43 1
77 61 1
77 64 1
77 65 1
77 70 1
77 86 1
78 6 1
78 7 1
78 14 1
78 18 2
78 22 4
78 26 1
78 31 2
78 39 2
78 41 6
78 47 1
78 54 1
78 56 2
78 57 1
78 61 1
78 63 6
78 64 1
78 65 8
78 73 5
78 82 3
78 88 1
79 6 1
79 10 1
79 14 1
79 23 1
79 40 1
79 45 1
79 58 2
79 65 1
79 71 1
79 76 1
79 82 2
79 84 2
79 88 1
80 7 1
80 17 3
80 21 2
80 45 1
80 65 3
80 73 1
80 80 2
80 81 2
80 82 3
81 1 1
81 10 1
81 11 1
81 54 1
81 65 1
81 82 1
81 84 1
81 85 1
81 88 1
82 7 1
82 9 1
82 11 1
82 14 1
82 16 1
82 18 1
82 26 1
82 33 1
82 36 1
82 47 1
82 51 4
82 65 2
82 68 1
82 70 1
83 14 1
83 35 1
83 47 1
83 65 1
83 84 1
84 21 1
84 51 1
84 58 1
84 65 1
84 70 3
84 75 1
84 88 2
84 89 1
85 33 4
85 34 1
85 45 1
85 51 2
85 65 1
85 85 1
86 1 1
86 11 1
86 34 1
86 58 1
86 65 1
86 75 1
86 82 1
86 85 1
87 37 1
87 44 1
87 56 1
87 61 1
87 65 1
87 82 1
88 2 2
88 18 1
88 23 1
88 26 1
88 38 2
88 51 1
88 62 2
88 65 1
88 68 1
89 8 1
89 14 1
89 33 1
89 38 1
89 59 1
89 65 2
89 66 1
89 70 1
89 72 1
89 75 1
90 1 1
90 30 3
90 34 1
90 35 2
90 54 1
90 65 1
90 72 1
90 84 1
91 8 2
91 17 1
91 34 1
91 43 1
91 44 1
91 47 2
91 54 1
91 65 1
91 87 1
92 6 1
92 7 1
92 18 2
92 22 4
92 26 1
92 29 1
92 31 2
92 39 2
92 41 5
92 47 1
92 54 1
92 56 2
92 57 1
92 61 1
92 63 6
92 64 2
92 65 8
92 73 4
92 82 4
92 88 1
93 2 1
93 8 3
93 11 1
93 19 1
93 38 1
93 40 1
93 59 1
93 62 4
93 65 1
93 68 1
93 70 2
93 86 1
94 2 1
94 6 1
94 8 1
94 10 4
94 46 2
94 48 1
94 59 3
94 65 3
94 75 1
94 77 1
94 80 3
94 81 1
94 82 2
94 83 1
94 84 1
94 86 1
94 88 1
95 7 1
95 12 1
95 14 3
95 16 1
95 28 1
95 35 1
95 39 1
95 42 1
95 57 1
95 59 3
95 61 3
95 65 2
95 80 1
95 81 1
95 83 1
95 86 1
96 1 1
96 11 1
96 12 1
96 17 1
96 20 1
96 34 1
96 44 1
96 46 1
96 50 2
96 58 1
96 65 1
96 71 2
97 7 1
97 18 1
97 46 1
97 51 1
97 57 1
97 58 1
97 65 1
97 69 1
97 82 1
97 83 1
97 84 1
97 88 1
98 1 2
98 3 4
98 11 1
98 12 1
98 33 1
98 46 2
98 50 1
98 64 1
98 65 1
98 67 1
98 72 1
98 82 4
99 14 1
99 18 1
99 41 1
99 51 1
99 52 1
99 65 1
100 46 1
100 51 1
100 52 1
100 65 1
100 75 1
100 79 1
100 83 1
100 88 1
101 2 1
101 23 4
101 44 1
101 51 1
101 54 1
101 58 1
101 65 1
101 88 1
102 3 1
102 6 1
102 11 1
102 12 4
102 26 1
102 34 1
102 35 1
102 48 1
102 51 1
102 52 3
102 59 2
102 65 1
102 68 1
102 75 1
102 80 1
102 86 1
103 14 1
103 47 1
103 50 4
103 54 1
103 65 1
103 82 1
103 83 1
104 2 1
104 11 1
104 28 1
104 46 1
104 51 3
104 65 1
104 70 1
104 82 1
104 83 1
105 2 1
105 7 1
105 44 1
105 51 1
105 58 1
105 65 1
106 21 1
106 23 1
106 28 1
106 33 1
106 43 1
106 53 1
106 58 2
106 65 1
106 82 1
106 85 1
107 6 1
107 20 1
107 37 1
107 51 2
107 65 1
107 73 2
107 82 1
107 86 1
107 88 2
108 11 1
108 33 1
108 34 1
108 45 1
108 52 3
108 65 1
108 82 1
108 89 1
109 2 1
109 45 1
109 47 1
109 51 1
109 59 1
109 65 1
109 75 1
109 82 1
109 85 1
110 5 2
110 10 3
110 19 2
110 25 7
110 26 1
110 30 1
110 47 1
110 53 1
110 55 1
110 59 1
110 65 1
110 70 1
110 76 2
110 82 2
110 86 1
