d w z t
9 65 6 0
9 53 6 0
9 53 6 0
9 21 6 0
9 29 6 0
9 40 6 0
9 4 6 0
9 21 6 0
9 44 3 1
9 55 4 2
82 65 5 1
82 14 4 0
82 35 5 1
82 47 5 1
82 84 4 0
85 1 4 0
85 58 4 1
85 75 4 0
85 34 0 2
85 11 4 0
85 82 4 1
85 85 4 3
85 65 4 0
42 53 2 0
42 10 5 1
42 10 5 1
42 31 2 0
42 65 5 1
42 10 5 1
42 64 5 1
42 86 5 1
42 33 5 1
42 22 2 0
42 64 5 1
42 10 5 1
42 64 2 0
42 47 2 0
42 31 2 0
42 22 2 0
42 58 5 1
42 20 5 1
42 63 2 0
42 10 5 1
99 46 4 0
99 88 4 0
99 52 4 0
99 51 4 1
99 79 1 2
99 75 4 0
99 65 4 0
99 83 4 0
72 55 4 0
72 82 4 0
72 1 4 0
72 84 4 0
72 65 4 0
72 51 4 0
72 45 4 0
72 38 4 0
72 2 4 0
72 34 4 0
72 59 4 0
72 52 4 0
72 82 4 0
72 45 4 0
72 11 4 0
60 65 4 0
60 55 4 1
60 34 4 0
60 45 4 1
60 2 4 0
60 45 4 2
60 33 4 1
60 84 4 1
18 80 0 0
18 77 0 0
18 16 0 0
18 81 0 0
18 32 1 1
18 49 0 0
18 80 0 0
18 65 0 0
18 37 0 0
18 65 4 2
18 57 0 0
18 28 0 0
18 52 0 0
18 65 0 0
18 54 0 0
18 65 0 0
18 59 0 0
18 80 0 0
18 80 0 0
18 9 0 0
18 40 0 0
18 77 0 0
18 42 0 0
18 60 0 0
18 80 0 0
8 43 5 1
8 56 5 1
8 46 4 0
8 42 5 1
8 29 5 1
8 31 5 1
8 56 5 1
8 5 5 1
8 65 6 2
8 43 5 1
8 82 6 2
8 29 6 2
8 47 5 1
8 65 5 1
21 9 1 0
21 36 1 0
21 65 1 0
21 48 1 0
21 60 1 0
21 80 1 0
21 40 1 0
21 32 1 0
21 69 1 0
21 48 1 0
21 68 1 0
21 82 1 0
21 36 1 0
21 69 1 0
21 69 1 0
21 19 1 0
21 19 1 0
21 27 1 0
21 32 1 0
21 59 1 0
21 48 1 0
21 69 1 0
21 32 1 0
21 68 1 0
21 60 1 0
21 19 1 0
21 37 1 0
21 15 1 0
21 27 1 0
21 60 1 0
21 48 1 0
21 80 1 0
21 32 1 0
21 32 1 0
21 59 1 0
21 15 1 0
21 32 1 0
21 69 1 0
21 36 1 0
21 65 1 0
21 54 1 0
21 19 1 0
21 60 1 0
21 32 1 0
21 16 1 0
68 10 4 0
68 46 4 0
68 65 4 0
67 84 4 0
67 65 4 0
67 45 4 0
67 72 4 0
58 24 3 1
58 25 5 0
58 24 3 2
58 65 5 0
58 5 5 0
58 5 5 0
58 14 4 3
58 25 5 0
58 40 5 0
58 5 5 0
58 43 5 0
58 20 3 1
58 59 4 3
58 57 3 1
58 5 3 2
0 58 4 0
0 31 3 1
0 83 4 0
0 38 4 0
0 14 4 0
0 65 4 2
0 61 3 1
0 87 5 3
0 52 4 0
0 52 4 0
107 11 4 0
107 89 4 0
107 45 4 0
107 52 4 0
107 34 4 0
107 52 4 0
107 33 4 0
107 82 4 1
107 52 4 0
107 65 4 0
5 47 5 0
5 5 5 0
5 39 5 0
5 65 5 0
5 65 5 0
5 5 5 0
97 11 6 0
97 82 4 3
97 67 0 4
97 1 4 1
97 3 6 0
97 50 6 0
97 82 4 2
97 46 4 5
97 72 6 0
97 3 6 0
97 12 6 0
97 64 6 0
97 33 4 1
97 82 6 0
97 3 6 0
97 3 6 0
97 46 4 1
97 82 6 0
97 65 6 0
17 40 0 0
17 14 0 0
17 74 0 0
17 42 0 0
17 74 0 0
17 59 0 0
17 28 0 0
17 49 0 0
17 36 0 0
17 14 0 1
17 28 0 0
17 74 0 0
17 28 0 0
17 28 0 0
17 47 0 0
17 82 0 0
17 16 0 0
17 9 0 0
17 80 0 0
17 80 0 0
17 49 0 0
17 54 0 0
17 19 0 0
17 78 0 0
17 82 0 0
17 80 0 0
17 65 0 0
17 86 0 0
17 20 0 0
17 59 0 0
17 80 0 0
17 37 0 0
79 21 6 0
79 17 6 0
79 65 6 0
79 65 6 0
79 82 6 0
79 17 6 0
79 81 6 0
79 73 6 0
79 80 6 0
79 7 6 0
79 81 6 0
79 7 6 0
79 65 6 0
79 21 6 0
79 80 6 0
79 17 6 0
79 45 6 0
79 82 6 0
79 82 6 0
36 79 1 1
36 59 1 1
36 6 1 1
36 65 1 1
36 54 1 1
36 6 1 0
36 65 6 2
36 79 1 0
36 6 1 1
36 32 1 1
36 71 1 1
36 6 1 1
36 9 1 1
36 17 1 1
36 79 1 1
36 65 1 1
36 6 1 1
36 79 1 1
36 60 1 1
36 60 1 1
36 24 1 1
36 6 1 1
71 1 4 0
71 51 4 1
71 53 4 0
71 52 4 0
71 45 4 0
71 30 4 0
71 2 4 0
71 1 4 0
71 2 4 0
71 65 4 0
71 38 4 0
71 51 4 0
71 51 4 0
71 1 4 0
26 53 3 0
26 65 3 0
26 25 3 0
26 57 3 0
26 62 3 1
103 11 4 0
103 46 4 0
103 28 6 1
103 51 4 0
103 2 4 0
103 51 4 0
103 82 4 0
103 51 4 0
103 70 4 0
103 65 4 0
103 83 4 0
55 24 3 0
55 65 3 0
55 59 3 0
55 47 3 0
55 40 3 0
55 70 3 0
55 24 3 0
55 24 3 0
55 70 3 0
55 65 3 0
55 75 3 0
55 59 3 0
55 38 3 0
55 40 3 0
55 24 3 0
55 24 3 0
55 24 3 0
55 70 3 0
55 48 3 0
55 59 3 0
55 70 3 0
55 70 3 0
55 59 3 0
55 15 7 1
59 59 3 0
59 14 0 1
59 54 0 1
59 8 3 0
59 25 3 0
59 65 0 1
59 73 0 1
52 39 6 0
52 81 6 0
52 65 6 0
52 4 6 0
52 57 6 0
52 17 6 0
52 17 6 0
52 16 6 0
52 80 6 0
52 65 6 0
52 11 6 0
52 80 6 0
52 24 6 0
52 87 6 0
52 82 6 0
52 17 6 0
52 17 6 0
52 54 6 0
28 5 7 1
28 61 0 0
28 74 0 0
28 9 0 0
28 59 0 0
28 59 0 0
28 31 7 1
28 61 0 0
28 16 0 0
28 59 0 0
28 12 0 0
28 59 0 0
28 74 0 0
28 74 0 0
28 74 0 0
28 16 0 0
28 65 0 0
28 60 0 0
28 53 0 0
28 60 0 0
11 80 0 0
11 77 0 0
11 82 0 0
11 65 0 0
11 55 0 0
11 42 0 0
11 74 0 0
11 65 0 0
11 28 0 0
11 65 0 0
11 65 0 0
11 65 0 0
11 65 0 0
11 45 0 0
11 74 0 0
11 28 0 0
11 36 0 0
11 74 0 0
11 37 0 0
11 77 0 0
11 77 0 0
11 49 0 0
11 65 0 0
11 74 0 0
11 65 0 0
11 9 0 0
11 15 0 0
11 28 0 0
11 59 0 0
11 42 0 0
109 25 5 0
109 19 5 0
109 19 5 0
109 25 5 0
109 25 5 0
109 55 5 0
109 30 5 0
109 25 5 0
109 25 5 0
109 25 5 0
109 10 5 0
109 59 3 1
109 76 5 0
109 70 3 1
109 76 5 0
109 47 5 0
109 86 5 0
109 53 5 0
109 5 5 0
109 65 5 0
109 25 5 0
109 10 5 0
109 10 5 0
109 26 3 1
109 82 5 0
109 82 5 0
38 65 1 0
38 33 1 0
38 71 1 0
38 36 1 0
38 79 1 0
38 59 1 0
38 7 0 1
38 19 1 0
38 65 1 0
38 48 1 0
38 71 1 0
38 11 6 2
38 60 1 0
38 9 0 1
38 30 1 0
38 33 1 0
38 60 0 1
38 9 1 0
38 60 0 1
38 59 1 0
38 48 1 0
38 65 1 0
38 79 1 0
38 35 1 0
38 6 1 0
38 9 1 0
38 65 0 1
38 60 0 1
20 60 1 1
20 61 0 0
20 15 0 0
20 9 0 0
20 21 0 0
20 10 5 3
20 21 0 0
20 60 1 1
20 48 1 1
20 82 5 3
20 65 0 0
20 52 5 3
20 53 5 3
20 60 1 1
20 26 0 0
20 30 5 3
20 48 1 1
20 54 1 1
20 80 7 2
20 28 1 1
20 59 0 0
20 60 1 1
20 82 0 0
20 43 5 3
20 60 0 0
20 48 5 3
20 68 7 2
20 28 0 0
20 61 0 0
105 33 6 2
105 21 6 2
105 28 6 2
105 53 0 3
105 58 5 0
105 58 4 4
105 82 4 1
105 65 4 1
105 23 4 1
105 85 4 1
105 43 5 0
13 34 6 0
13 34 6 0
13 29 6 0
13 34 4 2
13 65 6 0
13 82 0 1
13 81 6 0
13 65 6 0
13 34 6 0
13 34 6 0
13 14 0 1
13 34 0 1
13 80 0 1
13 49 0 1
13 60 0 1
13 65 6 0
13 81 6 0
13 65 6 0
13 65 0 1
13 36 0 1
13 80 0 1
13 78 0 1
13 77 0 1
13 59 0 1
13 65 6 0
80 65 0 1
80 1 4 0
80 85 4 0
80 88 4 0
80 11 4 0
80 1 4 0
80 82 4 2
80 84 4 0
80 10 4 0
80 54 4 0
22 60 1 0
22 12 1 0
22 33 1 0
22 60 1 0
22 47 1 0
22 33 1 0
22 65 6 1
22 60 1 0
22 27 1 0
22 15 1 0
22 27 1 0
22 42 1 0
22 27 1 0
22 32 1 0
22 60 1 0
22 12 1 0
22 33 1 0
22 71 1 0
22 27 1 0
22 60 1 0
22 60 1 0
22 27 1 0
22 32 1 0
22 44 1 0
22 12 1 0
22 35 1 0
22 33 1 0
22 12 1 0
22 37 1 0
22 47 1 0
22 27 1 0
22 60 1 0
22 12 1 0
22 57 1 0
22 36 1 0
22 60 1 0
22 32 1 0
22 60 1 0
22 29 6 1
22 69 1 0
22 33 1 0
22 49 1 0
2 43 7 0
2 59 7 0
2 48 7 0
2 13 7 0
2 68 7 0
2 20 7 0
2 43 7 0
2 65 7 0
2 68 7 0
2 65 7 0
2 59 7 0
2 13 7 0
2 59 7 0
2 48 7 0
2 48 7 0
2 13 7 0
2 19 7 0
2 39 7 0
2 6 7 0
2 48 7 0
2 13 7 0
2 49 7 0
2 59 7 0
2 48 7 0
2 13 7 0
2 80 7 0
2 68 7 0
2 72 7 0
2 13 7 0
2 54 7 0
66 50 6 1
66 50 6 0
66 50 6 0
66 65 6 0
6 70 9 0
6 67 9 0
6 67 9 0
6 36 9 0
6 67 9 0
6 67 9 0
6 67 9 0
6 20 9 0
6 23 9 0
6 67 5 2
6 67 9 0
6 9 0 1
6 80 9 0
6 38 9 0
6 9 9 0
6 20 9 0
6 59 0 3
6 23 9 0
6 80 9 0
6 80 0 1
6 67 9 0
6 87 7 4
6 65 0 3
6 59 0 1
6 67 9 0
6 67 9 0
6 81 0 1
96 65 1 0
96 82 4 2
96 51 4 2
96 18 8 1
96 88 4 2
96 57 8 1
96 7 1 0
96 69 1 0
96 58 4 2
96 46 1 0
96 84 4 2
96 83 1 0
96 7 4 2
100 44 3 1
100 23 4 0
100 51 4 0
100 65 4 2
100 23 4 0
100 88 4 0
100 23 4 0
100 2 4 0
100 23 4 0
100 58 4 2
100 54 4 0
69 65 4 0
30 83 4 0
30 65 4 0
30 55 4 0
30 62 3 1
30 70 4 2
30 34 4 0
30 70 3 1
30 34 4 0
30 55 4 0
30 82 4 0
30 59 4 0
30 8 3 1
90 47 3 1
90 8 3 1
90 17 6 0
90 43 6 0
90 34 6 0
90 65 3 1
90 47 3 1
90 54 6 0
90 87 3 1
90 44 6 0
27 85 4 0
27 65 4 0
27 36 4 0
27 85 4 0
27 58 4 0
27 51 4 0
27 51 4 0
27 4 4 0
27 51 4 0
27 82 4 0
27 51 4 0
27 82 4 0
27 40 4 0
27 83 4 0
27 84 4 0
78 23 4 0
78 88 4 0
78 76 4 0
78 58 4 0
78 71 4 0
78 6 8 1
78 45 4 0
78 10 4 0
78 84 8 1
78 58 4 0
78 84 4 0
78 82 4 0
78 65 4 0
78 40 8 1
78 82 4 0
78 14 4 0
70 66 4 0
70 51 4 0
70 10 4 0
70 85 4 0
70 83 8 1
70 30 4 0
70 51 4 0
70 68 4 0
70 86 4 0
70 85 4 0
70 69 4 0
70 85 4 0
70 65 4 0
77 22 2 0
77 82 2 0
77 88 2 0
77 82 2 0
77 54 2 0
77 39 2 0
77 56 2 0
77 18 2 0
77 63 2 0
77 56 2 0
77 39 2 0
77 41 2 0
77 41 2 0
77 73 2 0
77 6 2 0
77 73 2 0
77 65 2 0
77 41 2 0
77 65 2 0
77 73 2 0
77 14 2 0
77 65 2 0
77 65 2 0
77 22 2 0
77 63 2 0
77 82 2 0
77 61 2 0
77 63 2 0
77 57 2 0
77 65 2 0
77 73 2 0
77 41 2 0
77 41 2 0
77 47 2 0
77 22 2 0
77 22 2 0
77 26 2 0
77 7 2 0
77 41 2 0
77 18 2 0
77 63 2 0
77 31 2 0
77 65 2 0
77 65 2 0
77 63 2 0
77 65 2 0
77 31 2 0
77 63 2 0
77 73 2 0
77 64 2 0
62 65 0 1
62 89 4 0
62 2 4 2
62 51 4 2
62 2 4 2
84 51 4 0
84 45 4 0
84 65 4 0
84 51 4 0
84 33 4 0
84 85 4 0
84 34 4 0
14 65 4 0
14 65 0 1
14 43 4 0
14 65 4 0
14 60 0 1
14 60 0 1
14 80 0 2
14 60 0 2
14 65 0 1
14 60 0 1
14 14 0 2
14 42 0 1
14 82 0 1
14 57 0 1
14 14 0 2
14 34 4 0
14 65 0 3
14 65 0 1
14 77 0 3
14 77 0 2
14 5 0 1
14 10 4 0
45 57 8 0
45 58 8 0
45 56 8 0
45 37 8 0
45 33 8 0
45 65 8 0
45 21 6 1
45 6 8 0
45 56 8 0
101 26 7 0
101 12 7 0
101 52 7 0
101 12 7 0
101 65 7 0
101 6 7 0
101 86 7 0
101 52 7 0
101 52 7 0
101 80 7 0
101 11 4 1
101 59 0 2
101 75 7 0
101 59 7 0
101 3 0 2
101 12 7 0
101 12 7 0
101 51 4 1
101 34 4 1
101 48 7 0
101 68 7 0
101 35 7 0
41 78 1 0
41 24 1 0
41 7 1 0
41 65 1 0
41 65 6 1
41 32 1 0
41 34 1 0
41 34 1 0
41 65 1 0
41 65 1 0
41 78 1 0
41 60 1 0
41 65 1 0
41 7 1 0
41 32 1 0
41 78 1 0
41 78 1 0
41 78 1 0
41 59 1 0
41 54 1 0
41 65 1 0
41 60 0 2
41 59 3 3
41 7 1 0
41 79 1 0
41 7 1 0
51 10 7 1
51 5 7 1
51 65 7 1
51 5 7 1
51 87 7 1
51 65 6 2
51 57 0 0
51 5 7 1
51 7 7 1
40 32 1 0
40 65 1 0
40 65 1 0
40 60 1 0
40 21 1 0
40 48 1 0
40 32 1 0
40 78 1 0
40 60 1 0
40 80 1 0
40 65 1 0
40 59 1 0
40 32 1 0
40 60 1 0
40 32 1 0
40 60 1 0
40 78 1 0
40 78 1 0
40 79 1 0
40 48 1 0
40 6 1 0
40 65 1 0
40 10 1 0
40 34 1 0
40 32 1 0
40 80 1 0
40 37 1 0
40 60 1 0
40 7 1 0
40 32 1 0
40 78 1 0
40 79 1 0
40 60 1 0
40 28 1 0
88 14 4 1
88 66 3 0
88 75 3 0
88 65 3 0
88 8 3 0
88 38 4 1
88 33 4 1
88 65 3 0
88 72 3 0
88 59 3 0
88 70 3 0
61 82 6 1
61 79 8 0
61 45 6 1
61 82 8 0
61 65 6 1
61 54 6 1
61 37 4 2
61 79 8 0
61 45 6 1
23 36 1 0
23 60 1 0
23 35 10 2
23 59 1 0
23 36 1 0
23 55 0 1
23 69 1 0
23 53 10 2
23 36 1 0
23 69 1 0
23 72 10 2
23 11 1 0
23 29 1 0
23 65 3 3
23 9 0 1
23 16 10 2
23 71 1 0
23 16 10 2
23 27 1 0
23 33 1 0
23 60 1 0
23 29 10 2
23 16 10 2
23 36 1 0
23 66 10 2
44 47 4 1
44 65 4 1
44 58 4 1
44 53 5 0
44 87 5 0
44 25 5 0
44 53 5 0
44 82 5 0
44 65 6 2
24 74 0 1
24 20 0 1
24 3 6 0
24 55 0 1
24 43 6 0
24 34 6 0
24 65 0 1
24 80 0 1
24 34 6 0
24 65 6 0
24 44 6 0
24 34 0 1
24 64 6 0
24 9 0 1
24 11 6 0
24 80 0 1
24 14 0 1
24 37 6 0
24 86 0 1
24 34 6 0
24 65 6 0
86 44 2 0
86 37 2 0
86 65 2 0
86 61 2 0
86 82 2 0
86 56 2 0
43 65 3 0
43 75 3 0
43 57 3 0
43 75 3 0
43 44 3 0
43 40 3 0
56 19 3 0
56 8 3 0
56 8 3 0
56 31 3 0
56 8 3 0
56 70 3 0
56 17 3 0
56 8 3 0
56 65 3 0
53 25 5 0
53 25 5 0
53 43 5 0
53 87 5 0
53 65 5 0
53 19 5 0
53 11 5 0
53 20 5 0
53 43 5 0
53 25 5 0
53 20 5 0
53 25 5 0
53 11 5 0
53 59 5 0
29 10 4 0
29 65 4 0
29 88 4 0
29 15 0 1
29 84 4 0
29 44 3 2
29 43 6 3
29 59 6 3
46 66 3 0
46 66 3 0
46 44 3 0
46 59 3 0
46 59 3 0
46 59 3 0
46 66 3 0
46 66 3 0
46 65 3 0
48 82 2 1
48 76 8 0
48 38 8 0
48 82 2 1
48 64 2 1
48 65 4 2
48 18 2 1
37 60 1 0
37 54 1 0
37 78 1 0
37 71 1 0
37 59 1 0
37 40 1 0
37 65 1 0
37 40 1 0
37 65 1 0
37 71 1 0
37 40 1 0
37 71 1 0
37 59 1 0
37 60 1 0
37 79 1 0
37 60 1 1
37 65 1 0
37 40 1 0
37 71 1 0
37 80 1 0
37 60 1 0
81 65 4 1
81 65 4 1
81 51 4 1
81 33 4 1
81 51 4 2
81 70 4 1
81 7 4 1
81 14 0 0
81 51 4 1
81 26 0 0
81 36 0 0
81 18 4 1
81 11 6 3
81 16 0 0
81 51 4 1
81 9 0 0
81 47 4 1
81 68 4 1
108 82 4 0
108 85 4 0
108 75 4 0
108 47 4 0
108 59 0 1
108 45 4 0
108 2 4 0
108 65 4 0
108 51 4 0
98 65 0 1
98 41 7 2
98 14 4 0
98 52 7 2
98 18 7 2
98 51 4 0
63 82 4 0
63 76 4 0
63 66 4 0
63 85 4 0
63 45 4 0
63 11 4 0
63 65 4 0
50 42 2 0
50 72 2 0
50 42 2 0
50 73 2 0
50 82 2 0
50 56 2 0
50 65 2 0
50 73 2 0
50 72 2 0
50 72 2 0
19 60 0 0
19 80 0 0
19 73 0 0
19 34 0 0
19 65 0 0
19 60 0 0
19 60 0 0
19 77 0 0
19 9 0 0
19 16 0 0
19 87 0 0
19 53 0 0
19 59 0 0
19 57 0 0
19 80 0 0
19 28 0 0
19 9 0 0
19 33 0 0
19 32 0 0
19 59 0 0
19 9 0 0
19 9 0 0
19 80 0 0
10 60 0 0
10 74 0 0
10 65 0 0
10 72 0 0
10 14 0 0
10 65 0 0
10 59 0 0
10 9 0 0
10 65 4 2
10 28 0 0
10 28 0 0
10 36 0 0
10 65 0 0
10 74 0 0
10 28 0 0
10 28 0 0
10 65 0 0
10 16 0 0
10 16 0 0
10 60 0 0
10 65 4 1
10 80 0 0
10 77 0 0
49 8 8 0
49 76 8 0
49 40 8 0
49 76 8 0
49 43 8 0
49 76 8 0
49 89 8 0
49 82 8 0
49 89 8 0
49 76 8 0
49 76 8 0
49 82 8 0
49 65 8 0
49 43 8 0
49 89 8 0
49 76 8 0
49 89 8 0
49 89 8 0
49 8 8 0
49 76 8 0
75 65 6 2
75 49 0 0
75 60 0 0
75 60 0 0
75 80 0 1
75 20 0 0
75 80 0 0
75 11 0 0
75 3 0 0
75 9 0 1
75 80 0 0
75 16 0 0
75 36 0 0
75 56 0 0
75 47 0 0
39 12 0 0
39 61 0 0
39 42 0 0
39 59 0 0
39 59 0 0
39 65 0 0
39 16 0 0
39 79 0 0
39 28 0 0
39 9 0 0
39 60 0 0
39 60 0 0
39 47 0 0
39 60 0 0
39 59 0 0
39 59 0 0
39 39 0 0
39 59 0 0
39 19 0 0
39 30 0 1
39 16 0 0
39 28 0 0
39 33 0 0
39 59 0 0
39 14 0 0
39 59 0 0
39 82 0 0
39 82 0 0
39 55 0 0
39 9 0 0
39 35 0 0
57 7 2 0
57 65 2 0
57 7 2 0
57 44 2 0
57 7 2 0
57 18 2 0
57 7 2 0
57 82 2 0
93 82 4 2
93 10 4 2
93 65 4 2
93 2 4 1
93 65 3 4
93 82 4 2
93 59 7 0
93 46 4 2
93 10 7 0
93 86 7 0
93 75 4 2
93 8 3 4
93 59 3 4
93 84 4 2
93 80 7 0
93 65 4 2
93 48 7 0
93 10 4 1
93 83 4 2
93 77 7 0
93 6 7 0
93 80 0 3
93 10 7 0
93 80 7 0
93 88 4 2
93 46 4 2
93 81 7 0
93 59 4 1
25 15 1 1
25 59 6 2
25 59 0 0
25 53 6 2
25 82 0 0
25 20 6 2
25 28 0 0
25 62 1 1
25 40 0 3
25 20 0 0
25 39 6 2
25 65 6 2
25 14 0 3
1 33 7 0
1 27 1 1
1 60 1 1
1 65 1 1
1 26 1 1
1 81 0 2
1 23 7 0
1 79 0 3
1 33 1 1
1 60 1 1
1 80 7 0
1 39 7 0
1 60 1 1
1 65 7 0
1 80 1 1
1 54 1 1
1 23 7 0
1 13 7 0
1 78 1 1
1 80 7 0
83 70 3 1
83 58 4 0
83 70 3 1
83 65 3 1
83 70 3 1
83 88 4 2
83 88 4 0
83 21 3 1
83 51 4 0
83 89 4 0
83 75 3 1
7 87 5 1
7 15 0 0
7 58 5 1
7 31 5 1
7 47 5 1
7 14 4 2
7 65 1 3
7 31 5 1
12 77 0 0
12 14 0 0
12 14 0 0
12 32 0 0
12 55 0 0
12 65 0 0
12 15 0 0
12 80 0 0
12 72 0 0
12 65 6 1
12 14 0 0
12 17 6 1
12 77 0 0
12 49 0 0
12 65 0 0
12 60 0 0
12 65 0 0
12 80 0 0
12 80 0 0
12 40 0 0
12 79 0 0
12 79 0 0
12 18 7 2
12 65 6 1
12 14 0 0
12 14 0 0
12 14 0 0
12 81 6 1
12 14 0 0
12 14 0 0
12 79 0 0
12 71 6 1
12 26 0 0
12 65 7 2
12 77 0 0
12 81 0 0
12 57 0 0
12 82 6 1
65 85 4 0
65 69 4 0
65 10 4 0
65 86 4 0
65 66 4 0
65 85 4 0
65 83 4 0
65 51 4 0
65 85 4 0
65 68 4 0
65 51 4 0
65 30 4 0
65 65 4 0
33 29 6 0
33 29 6 0
33 82 6 0
33 39 7 1
33 68 7 1
33 71 6 0
33 64 6 0
33 52 7 1
33 43 6 0
33 65 6 0
33 21 6 0
34 29 6 0
34 29 6 0
34 65 6 0
34 64 5 1
34 35 4 2
34 40 4 2
34 38 4 3
89 34 4 0
89 30 4 0
89 72 4 0
89 30 4 0
89 84 4 0
89 1 4 0
89 35 4 0
89 54 4 0
89 30 4 0
89 35 4 0
89 65 4 0
4 33 1 0
4 33 4 2
4 28 0 1
4 16 0 3
4 74 0 3
4 26 0 3
4 60 1 0
4 59 0 3
4 36 0 3
4 13 0 3
4 29 1 0
4 32 1 0
4 59 0 3
4 84 4 2
4 55 0 3
4 84 0 3
4 7 1 0
4 44 4 2
4 59 0 3
4 9 0 3
4 33 0 3
4 35 4 2
4 61 0 3
4 51 4 2
4 65 0 3
4 55 0 3
4 78 0 3
4 44 0 3
4 27 1 0
92 62 3 0
92 19 3 0
92 62 3 0
92 62 3 0
92 8 3 0
92 86 3 0
92 70 3 0
92 40 3 0
92 70 3 0
92 2 3 0
92 62 3 0
92 8 3 1
92 11 3 0
92 38 3 0
92 59 3 0
92 65 3 0
92 68 7 2
92 8 3 0
91 31 2 0
91 56 2 0
91 82 2 0
91 73 2 0
91 18 2 0
91 61 2 0
91 41 2 0
91 65 2 0
91 29 2 0
91 39 2 0
91 65 2 0
91 57 2 0
91 31 2 0
91 41 2 0
91 41 2 0
91 82 2 0
91 56 2 0
91 41 2 0
91 63 2 0
91 65 2 0
91 82 4 1
91 73 2 0
91 63 2 0
91 22 2 0
91 18 2 0
91 64 2 0
91 63 2 0
91 82 2 0
91 22 2 0
91 41 2 0
91 54 2 0
91 6 2 0
91 22 2 0
91 64 2 0
91 73 2 0
91 39 2 0
91 73 2 0
91 88 2 0
91 65 2 0
91 65 2 0
91 63 2 0
91 26 2 0
91 63 2 0
91 22 2 0
91 65 2 0
91 65 2 0
91 47 2 0
91 65 2 0
91 63 2 0
91 7 2 0
104 58 4 0
104 2 4 0
104 65 4 0
104 51 4 0
104 7 4 1
104 44 4 0
64 75 4 0
64 50 6 1
64 54 6 1
64 85 4 0
64 65 6 1
64 11 4 0
64 30 4 0
64 65 6 2
64 21 6 1
64 1 4 0
64 51 4 0
64 50 6 2
64 84 4 0
64 51 4 0
64 84 4 0
64 82 4 0
64 82 6 1
35 28 0 0
35 79 0 0
35 65 0 0
35 79 0 0
35 79 0 0
35 80 0 0
35 79 0 0
35 79 0 0
35 26 0 0
35 87 3 1
35 49 0 0
35 79 0 0
35 26 0 0
35 80 0 0
35 80 0 0
35 80 0 0
35 82 0 0
35 9 0 0
35 80 0 0
35 15 0 0
35 80 0 0
54 47 5 0
54 89 4 1
54 78 5 0
54 65 5 0
54 85 4 1
54 82 4 1
54 89 5 0
54 82 4 1
76 7 4 0
76 61 4 0
76 2 4 0
76 43 4 0
76 2 4 0
76 64 4 0
76 70 4 0
76 2 4 0
76 86 4 0
76 65 4 0
74 55 4 0
74 80 1 1
74 71 1 1
74 46 4 0
74 88 4 0
74 48 1 1
74 51 4 0
74 65 4 0
74 47 1 1
15 58 8 0
15 6 8 0
15 47 8 0
15 65 4 1
15 40 8 0
15 89 8 0
15 85 4 2
95 50 6 0
95 20 6 0
95 46 6 0
95 65 6 0
95 44 6 0
95 71 6 0
95 17 6 0
95 1 4 1
95 34 6 0
95 12 6 0
95 11 6 0
95 58 4 1
95 50 6 0
95 71 6 0
73 52 6 1
73 58 4 0
73 51 4 0
73 41 6 1
73 83 6 1
73 54 4 0
73 65 6 1
3 48 7 0
3 65 7 0
3 13 7 0
3 23 7 0
3 80 7 0
3 43 7 0
3 80 7 0
3 21 7 0
3 49 7 0
3 86 7 0
3 65 7 0
32 14 4 1
32 87 5 0
32 39 7 2
32 82 4 1
32 65 4 1
106 86 4 0
106 73 2 1
106 20 6 2
106 51 2 1
106 51 4 0
106 73 2 1
106 6 2 1
106 6 2 1
106 37 2 1
106 88 4 0
106 82 4 0
106 88 4 0
106 65 2 1
31 8 3 0
31 25 7 1
31 38 4 3
31 81 7 1
31 39 7 1
31 80 3 0
31 25 7 1
31 7 7 1
31 58 4 3
31 69 1 2
31 29 1 2
31 65 3 0
31 68 7 1
31 68 7 1
94 65 0 0
94 86 0 0
94 7 0 0
94 14 0 0
94 39 0 0
94 59 0 0
94 35 0 0
94 80 0 0
94 12 0 0
94 57 0 0
94 61 0 0
94 14 0 0
94 61 0 0
94 59 0 0
94 65 0 0
94 14 0 0
94 61 0 0
94 28 0 0
94 42 0 0
94 16 0 0
94 59 0 0
94 81 0 1
94 83 0 0
87 38 3 0
87 62 3 0
87 38 3 0
87 51 4 1
87 26 3 0
87 18 3 0
87 65 3 0
87 2 4 2
87 62 4 1
87 23 3 0
87 68 4 1
102 65 6 1
102 14 0 0
102 47 6 1
102 54 4 2
102 83 6 1
102 50 6 1
102 50 6 1
102 50 6 3
102 82 6 1
102 50 6 1
47 53 3 0
47 50 3 0
47 83 6 2
47 66 3 0
47 40 3 0
47 40 3 0
47 59 3 0
47 65 3 0
47 61 3 0
47 87 3 0
47 66 3 0
47 59 3 1
47 40 3 1
47 42 6 2
47 40 3 0
47 59 3 0
47 59 3 1
16 35 4 1
16 62 3 0
16 62 3 0
16 65 3 0
16 65 3 0
16 22 3 0
16 40 3 0
16 5 3 0
16 87 6 2
