100
<<<<<<< HEAD
19
309
1 2 1
1 4 2
1 8 1
1 19 1
2 10 1
2 19 1
3 1 1
3 19 1
4 4 1
4 19 1
5 1 1
5 7 1
5 11 1
5 16 1
5 19 1
6 19 1
7 19 1
8 17 1
8 19 1
9 1 4
9 12 1
9 19 1
10 1 3
10 3 1
10 7 1
10 19 1
11 3 1
11 7 1
11 10 1
11 19 1
12 1 1
12 4 1
12 19 1
13 19 1
14 2 1
14 6 1
14 19 1
15 4 1
15 19 1
16 19 1
17 2 1
17 19 1
18 19 1
19 6 1
19 16 1
19 19 1
20 19 1
21 8 1
21 19 1
22 19 1
23 1 1
23 19 1
24 19 1
25 1 1
25 8 2
25 17 1
25 19 1
26 10 1
26 12 1
26 17 4
26 19 1
27 19 1
28 19 1
29 3 1
29 19 1
30 4 1
30 19 1
31 11 2
31 19 1
32 19 1
33 4 2
33 16 1
33 19 1
34 6 1
34 19 1
35 5 1
35 19 1
36 19 1
37 2 1
37 4 3
37 5 1
37 8 2
37 12 1
37 19 1
38 18 3
38 19 1
39 7 1
39 18 1
39 19 1
40 19 1
41 2 2
41 8 1
41 19 1
42 13 1
42 19 1
43 8 2
43 9 1
43 19 1
44 7 1
44 17 1
44 19 1
45 1 1
45 10 1
45 17 1
45 19 1
46 7 1
46 19 1
47 9 1
47 17 1
47 19 1
48 19 1
49 19 1
50 10 2
50 19 1
51 11 1
51 19 1
52 19 1
53 5 1
53 11 1
53 19 1
54 9 1
54 13 1
54 19 1
55 4 1
55 6 2
55 7 1
55 19 1
56 19 1
57 3 1
57 4 1
57 6 1
57 9 6
57 19 1
58 14 1
58 15 1
58 19 1
59 3 1
59 14 1
59 15 1
59 19 1
60 14 1
60 15 1
60 19 1
61 14 1
61 15 1
61 19 1
62 14 1
62 15 1
62 19 1
63 5 1
63 14 1
63 15 1
63 19 1
64 2 1
64 14 1
64 15 1
64 18 1
64 19 1
65 3 2
65 12 1
65 14 1
65 15 1
65 19 1
66 14 1
66 15 1
66 19 1
67 11 1
67 14 1
67 15 1
67 16 1
67 18 2
67 19 1
68 10 1
68 14 1
68 15 1
68 19 1
69 6 1
69 14 1
69 15 1
69 19 1
70 14 1
70 15 1
70 19 1
71 6 1
71 14 1
71 15 1
71 19 1
72 14 1
72 15 1
72 19 1
73 14 1
73 15 1
73 19 1
74 13 2
74 14 1
74 15 1
74 19 1
75 13 2
75 14 1
75 15 1
75 19 1
76 11 1
76 14 1
76 15 1
76 19 1
77 5 1
77 14 1
77 15 1
77 18 1
77 19 1
78 14 1
78 15 1
78 16 1
78 18 1
78 19 1
79 14 1
79 15 1
79 19 1
80 14 1
80 15 1
80 19 1
81 12 1
81 14 1
81 15 1
81 19 1
82 4 1
82 12 1
82 14 1
82 15 1
82 19 1
83 14 1
83 15 1
83 16 1
83 19 1
84 14 1
84 15 1
84 16 1
84 19 1
85 3 1
85 5 1
85 10 1
85 14 1
85 15 1
85 19 1
86 14 1
86 15 1
86 19 1
87 14 1
87 15 1
87 19 1
88 4 1
88 14 1
88 15 1
88 19 1
89 14 1
89 15 1
89 19 1
90 14 1
90 15 1
90 19 1
91 7 1
91 12 1
91 14 1
91 15 1
91 19 1
92 11 1
92 14 1
92 15 1
92 18 1
92 19 1
93 10 1
93 14 1
93 15 1
93 16 1
93 19 1
94 5 1
94 14 1
94 15 1
94 19 1
95 4 1
95 6 1
95 13 2
95 14 1
95 15 1
95 16 1
95 19 1
96 3 1
96 14 1
96 15 1
96 19 1
97 5 1
97 6 1
97 14 1
97 15 1
97 19 1
98 2 1
98 12 1
98 14 1
98 15 1
98 19 1
99 11 1
99 14 1
99 15 1
99 19 1
100 6 1
100 11 1
100 14 1
100 15 1
100 19 1
=======
6
216
1 2 2
1 6 1
2 6 1
3 1 1
3 6 1
4 2 1
4 6 1
5 1 1
5 6 1
6 6 1
7 6 1
8 6 1
9 1 4
9 6 1
10 1 3
10 6 1
11 6 1
12 1 1
12 2 1
12 6 1
13 6 1
14 3 1
14 6 1
15 2 1
15 6 1
16 6 1
17 6 1
18 6 1
19 3 1
19 6 1
20 6 1
21 6 1
22 6 1
23 1 1
23 6 1
24 6 1
25 1 1
25 6 1
26 6 1
27 6 1
28 6 1
29 6 1
30 2 1
30 6 1
31 6 1
32 6 1
33 2 2
33 6 1
34 3 1
34 6 1
35 6 1
36 6 1
37 2 3
37 6 1
38 6 1
39 6 1
40 6 1
41 6 1
42 6 1
43 6 1
44 6 1
45 1 1
45 6 1
46 6 1
47 6 1
48 6 1
49 6 1
50 6 1
51 6 1
52 6 1
53 6 1
54 6 1
55 2 1
55 3 2
55 6 1
56 6 1
57 2 1
57 3 1
57 6 1
58 4 1
58 5 1
58 6 1
59 4 1
59 5 1
59 6 1
60 4 1
60 5 1
60 6 1
61 4 1
61 5 1
61 6 1
62 4 1
62 5 1
62 6 1
63 4 1
63 5 1
63 6 1
64 4 1
64 5 1
64 6 1
65 4 1
65 5 1
65 6 1
66 4 1
66 5 1
66 6 1
67 4 1
67 5 1
67 6 1
68 4 1
68 5 1
68 6 1
69 3 1
69 4 1
69 5 1
69 6 1
70 4 1
70 5 1
70 6 1
71 3 1
71 4 1
71 5 1
71 6 1
72 4 1
72 5 1
72 6 1
73 4 1
73 5 1
73 6 1
74 4 1
74 5 1
74 6 1
75 4 1
75 5 1
75 6 1
76 4 1
76 5 1
76 6 1
77 4 1
77 5 1
77 6 1
78 4 1
78 5 1
78 6 1
79 4 1
79 5 1
79 6 1
80 4 1
80 5 1
80 6 1
81 4 1
81 5 1
81 6 1
82 2 1
82 4 1
82 5 1
82 6 1
83 4 1
83 5 1
83 6 1
84 4 1
84 5 1
84 6 1
85 4 1
85 5 1
85 6 1
86 4 1
86 5 1
86 6 1
87 4 1
87 5 1
87 6 1
88 2 1
88 4 1
88 5 1
88 6 1
89 4 1
89 5 1
89 6 1
90 4 1
90 5 1
90 6 1
91 4 1
91 5 1
91 6 1
92 4 1
92 5 1
92 6 1
93 4 1
93 5 1
93 6 1
94 4 1
94 5 1
94 6 1
95 2 1
95 3 1
95 4 1
95 5 1
95 6 1
96 4 1
96 5 1
96 6 1
97 3 1
97 4 1
97 5 1
97 6 1
98 4 1
98 5 1
98 6 1
99 4 1
99 5 1
99 6 1
100 3 1
100 4 1
100 5 1
100 6 1
>>>>>>> 8131c049c2e3b47767b612d9874486c10f9dd9ca
