<<<<<<< HEAD
00000 00001 00005 00000 00000 00005 00026 00000 00000 00002 00000 00010 00015 00000 00008 00001 00001 00001 00000 00008 00004 00000 00037 00000 00013 00019 00003 00013 00000 00003 
00000 00002 00006 00004 00002 00001 00000 00011 00013 00009 00009 00000 00000 00003 00000 00000 00002 00000 00012 00001 00007 00008 00048 00009 00000 00000 00008 00000 00002 00007 
00000 00000 00000 00002 00010 00027 00000 00000 00000 00000 00004 00002 00002 00008 00003 00019 00007 00000 00000 00002 00000 00008 00017 00004 00000 00001 00000 00000 00010 00002 
00000 00002 00000 00000 00000 00001 00000 00000 00000 00000 00000 00000 00001 00000 00000 00000 00000 00015 00000 00000 00000 00003 00004 00000 00000 00000 00000 00000 00000 00000 
00000 00000 00000 00000 00000 00000 00000 00001 00000 00000 00000 00000 00000 00000 00000 00000 00001 00000 00000 00000 00000 00000 00000 00000 00000 00000 00000 00000 00000 00000 
=======
<<<<<<< HEAD
00000 00008 00013 00011 00043 00043 00100 
=======
00000 00005 00100 00014 
>>>>>>> 22bacdf92f7684c0eb5fae4b54c85e0a2e77f753
>>>>>>> 8215b0da6c4c4f84fe61e847e88acb3c1a4f8f14
