d w z t
20 3 7 0
20 32 7 2
20 41 4 3
20 21 7 0
20 30 0 1
20 39 7 0
20 39 7 0
20 21 7 0
20 31 7 0
20 39 7 0
20 39 7 0
20 39 7 0
20 32 7 0
20 21 7 0
20 24 7 0
3 20 1 1
3 31 4 0
3 8 4 0
3 21 4 0
3 25 4 0
3 41 4 0
3 8 4 0
3 8 4 0
3 13 4 0
3 8 4 0
3 31 4 0
18 39 3 0
18 24 0 1
18 17 2 2
18 30 0 1
18 31 3 0
18 34 0 1
18 31 2 2
18 20 2 2
18 25 0 1
18 31 3 0
18 33 3 0
18 31 3 0
18 32 3 0
18 31 3 0
18 11 0 1
18 20 2 2
18 20 2 2
18 22 3 0
55 1 5 0
55 20 5 0
55 17 5 0
55 17 8 1
55 24 5 0
55 1 5 0
55 1 5 0
55 21 5 0
55 24 5 0
55 1 5 0
55 24 5 0
55 1 5 0
55 1 5 0
55 24 5 0
105 4 1 0
105 34 1 0
105 27 1 1
2 25 4 0
2 21 4 0
2 40 4 0
2 8 4 0
2 21 4 0
2 41 4 0
2 8 4 0
2 31 4 0
2 24 4 0
2 8 4 0
2 24 4 0
2 21 4 0
2 24 4 0
2 8 4 0
2 8 4 0
2 41 4 0
2 20 4 0
2 24 4 0
2 21 4 0
2 21 4 0
2 8 4 0
78 31 3 1
78 42 3 1
78 20 3 0
78 42 3 0
78 31 3 0
78 42 3 0
78 20 3 1
87 24 5 0
87 44 5 0
87 4 5 0
87 45 5 0
87 16 5 0
87 20 5 0
87 28 5 0
84 46 13 1
84 36 1 0
84 18 13 1
84 12 1 0
84 47 6 2
63 46 1 1
63 28 0 0
63 36 1 1
63 4 1 1
81 4 1 0
81 43 1 0
81 16 0 1
1 39 7 1
1 39 7 1
1 13 4 0
1 8 7 1
1 31 4 0
1 45 7 1
1 7 7 1
1 45 7 1
1 13 6 2
1 8 4 0
1 20 7 1
1 8 4 0
1 31 7 1
1 39 7 1
1 31 6 3
34 15 1 1
34 37 2 0
34 17 8 2
12 14 3 1
12 22 3 1
12 17 10 2
12 48 3 1
12 39 3 1
12 31 3 1
12 42 3 1
12 7 3 0
12 16 3 1
12 31 3 1
12 20 3 1
12 7 3 1
12 20 3 1
12 20 3 1
12 20 3 1
12 25 2 3
12 31 3 0
12 20 3 1
12 7 3 4
61 7 5 0
61 34 5 0
61 6 11 1
61 7 11 1
42 0 2 0
42 3 14 1
42 45 2 0
42 0 2 0
53 24 6 0
53 19 11 1
53 41 6 0
53 41 11 1
48 37 9 0
48 46 0 1
10 20 2 2
10 39 0 0
10 30 0 0
10 26 0 0
10 29 0 0
10 32 0 0
10 30 0 0
10 31 0 0
10 39 0 0
10 14 0 0
10 30 0 1
10 11 0 1
10 29 0 1
10 20 0 1
10 16 0 0
10 20 3 3
10 24 0 0
10 11 0 0
10 32 0 0
10 30 0 0
10 32 0 0
10 29 0 0
10 29 0 0
10 20 3 3
10 30 0 0
10 32 0 0
10 20 0 0
65 28 1 0
65 5 1 0
65 36 1 0
65 12 1 0
65 27 1 0
65 5 1 0
65 36 1 0
65 15 1 0
65 36 1 0
38 45 7 0
38 39 7 0
38 14 0 1
38 26 0 1
38 48 7 0
38 20 7 0
38 39 7 0
38 18 7 0
38 24 0 1
38 30 0 1
38 7 7 0
38 39 7 0
38 30 0 1
38 7 7 0
38 30 0 1
38 21 7 0
38 24 0 1
38 48 7 0
38 39 0 1
38 21 7 0
38 20 7 0
38 45 7 0
38 20 0 1
58 24 5 0
58 1 3 2
58 16 9 3
58 17 8 1
58 41 8 1
58 1 5 0
6 6 6 0
6 31 6 0
6 31 6 0
6 2 6 0
6 13 6 0
6 30 6 0
6 13 6 0
6 24 6 0
6 24 6 0
6 6 6 0
6 31 7 1
6 26 6 0
13 24 6 0
13 47 9 3
13 31 3 1
13 25 0 2
13 20 3 1
13 20 3 1
13 47 6 0
13 47 6 0
13 16 1 4
13 20 3 1
13 20 3 1
13 47 6 5
13 26 6 0
13 31 3 1
13 47 6 5
13 39 3 1
13 47 6 0
13 20 3 1
31 12 3 0
31 2 6 1
31 31 3 0
45 27 0 0
45 34 0 0
45 12 3 1
45 46 0 0
45 45 0 0
32 16 1 0
32 37 1 1
32 16 0 2
86 12 1 0
86 13 1 0
86 9 1 1
50 33 1 0
50 33 1 0
50 15 1 0
50 37 1 0
50 12 1 0
60 9 8 0
60 47 8 0
60 45 8 0
60 43 8 0
90 20 2 0
90 23 2 0
90 20 2 0
90 0 2 0
90 20 2 0
90 20 2 0
90 0 2 0
90 20 2 0
90 0 2 0
90 23 2 0
90 23 2 0
90 12 2 0
90 20 2 0
90 0 2 0
90 20 2 0
103 49 8 0
103 12 1 1
103 9 8 0
54 36 8 0
54 38 8 1
54 38 8 0
7 16 0 0
62 38 8 0
5 37 8 0
5 20 0 1
40 47 9 2
40 7 3 1
40 22 7 0
40 22 7 0
40 34 7 0
40 7 3 1
40 39 7 0
40 39 7 0
40 39 7 0
40 21 7 0
40 6 7 0
40 32 7 0
40 24 7 0
40 22 7 0
40 39 7 0
40 31 7 0
40 20 7 0
40 22 7 0
40 31 3 1
40 39 7 0
40 39 3 1
40 20 7 0
40 21 7 0
40 22 7 0
40 20 7 0
40 22 7 0
33 41 8 0
33 48 1 1
33 37 8 0
33 37 8 0
37 24 12 0
37 48 12 0
37 39 3 1
37 14 12 0
37 24 12 0
37 39 3 1
37 7 7 2
37 20 3 1
37 48 12 0
37 48 12 0
37 20 3 1
37 39 3 1
37 31 3 1
37 48 12 0
37 14 3 1
37 39 3 1
37 17 12 0
108 24 12 0
108 3 6 1
28 39 0 0
28 29 0 0
28 24 0 0
28 24 0 0
28 11 0 0
28 24 0 0
28 29 0 0
28 24 0 0
28 11 0 0
28 39 0 0
28 30 0 0
28 29 0 0
28 3 0 0
29 12 6 0
29 49 6 0
29 41 6 0
29 24 6 0
29 6 6 0
29 43 6 0
8 41 6 0
8 41 6 0
8 20 6 1
8 15 9 2
8 33 1 3
0 37 9 0
0 16 9 0
0 44 9 0
9 37 12 0
9 3 12 0
9 49 12 0
9 17 12 0
9 23 12 0
9 3 12 0
9 44 12 0
82 38 8 0
82 9 8 0
100 18 13 2
100 47 6 0
100 24 6 0
100 31 7 1
100 21 7 1
100 10 13 2
100 2 6 0
100 18 13 2
100 24 6 0
100 2 6 0
100 31 7 1
79 36 1 0
79 12 1 0
79 27 1 0
79 12 1 0
79 43 1 0
79 46 1 0
44 3 7 0
44 20 7 0
44 3 7 1
25 17 12 0
25 24 12 0
25 16 0 1
25 32 0 1
25 3 12 0
25 24 12 0
98 7 3 1
98 35 0 0
98 35 0 0
77 43 8 1
77 17 8 1
77 15 8 1
77 15 8 1
77 13 3 2
77 48 8 1
77 16 8 0
77 43 8 0
24 10 6 0
24 41 6 0
24 16 6 1
24 15 9 2
24 31 6 0
24 47 6 0
24 10 6 0
24 47 6 0
24 20 3 3
24 47 6 0
24 47 6 0
24 10 6 0
24 30 6 0
24 34 6 0
24 31 6 0
24 20 3 4
24 10 6 0
24 49 6 0
67 44 8 0
67 46 1 1
75 5 15 0
75 41 15 0
75 40 15 0
104 3 9 0
104 46 9 0
104 2 9 0
104 32 0 1
104 41 3 2
104 36 9 0
104 13 6 3
104 45 9 0
52 31 3 0
52 42 3 0
52 20 3 0
52 42 3 0
52 1 3 0
52 42 3 2
52 11 0 1
52 31 6 3
52 42 3 2
64 36 8 0
64 43 8 0
64 4 8 0
64 4 8 0
64 20 8 0
64 43 8 0
69 36 1 0
69 12 1 0
69 5 1 1
69 36 1 0
69 28 1 0
69 15 1 1
69 27 1 1
69 36 1 0
69 5 1 1
93 11 0 0
93 31 0 0
93 20 1 2
93 16 0 0
93 24 5 1
93 4 1 2
93 24 5 1
93 16 0 0
93 33 1 2
93 16 1 2
93 24 5 1
93 32 0 0
27 44 8 0
27 17 8 0
27 43 8 0
27 44 8 0
27 36 8 0
27 9 8 0
27 36 8 0
27 26 7 1
14 33 3 0
14 40 3 0
14 39 3 0
14 20 3 0
14 20 3 0
14 20 3 0
14 12 3 0
14 20 3 0
14 16 3 0
14 39 7 1
14 47 7 1
14 39 3 0
14 20 7 1
14 39 7 1
14 16 3 0
14 41 3 2
14 31 3 0
39 45 0 0
39 33 0 0
39 30 0 0
39 24 0 0
39 32 0 0
39 30 0 0
39 11 0 0
39 30 0 0
39 39 0 0
39 30 0 0
39 30 0 0
39 24 0 0
39 24 0 0
39 30 0 0
39 30 0 0
39 30 0 0
39 24 0 0
39 16 0 0
39 39 7 1
39 32 7 1
39 24 5 2
39 24 0 0
39 35 0 0
39 7 7 1
39 11 0 0
39 24 5 2
39 39 0 0
49 38 8 0
49 38 8 0
49 17 8 0
49 38 8 0
49 41 8 0
49 41 8 0
49 38 8 0
49 38 8 0
49 9 8 0
80 45 0 0
80 11 0 0
80 30 0 0
80 26 0 0
80 16 0 0
80 20 0 0
36 1 3 0
36 40 3 0
36 7 3 0
36 35 0 2
36 7 3 0
36 24 6 3
36 39 3 0
36 39 7 1
36 30 3 0
36 14 3 0
36 22 7 1
36 42 3 0
36 35 3 0
36 48 3 0
36 40 3 0
36 7 3 0
36 7 3 0
36 40 3 0
36 20 3 0
36 20 3 0
83 45 9 0
83 45 9 0
83 47 9 0
83 45 9 0
83 4 1 1
83 36 1 1
83 45 9 0
99 13 15 0
99 9 15 0
99 13 15 0
99 13 15 0
99 5 15 0
99 49 15 0
99 13 15 0
99 9 15 0
99 27 1 1
89 49 15 1
89 41 6 0
89 5 15 1
89 47 6 0
89 42 9 2
35 40 3 0
35 7 3 0
35 31 3 0
35 31 3 0
35 32 0 1
35 7 3 0
35 31 3 0
35 31 3 0
35 31 3 0
35 12 6 2
35 30 0 1
35 7 3 0
35 31 3 0
35 25 3 0
35 14 3 0
35 7 3 0
35 7 3 0
35 7 3 0
43 49 0 0
43 2 0 0
43 17 0 0
72 44 1 0
72 27 1 0
68 27 1 0
66 12 1 0
66 43 7 1
66 12 1 0
92 12 1 3
92 20 3 5
92 31 7 0
92 21 7 0
92 44 11 2
92 24 6 4
92 24 6 4
92 9 8 1
92 20 1 3
92 31 6 4
92 24 6 4
92 43 8 1
92 31 6 4
19 30 0 1
19 45 0 1
19 39 7 0
19 31 6 2
19 3 0 1
19 39 0 1
19 14 0 1
19 11 0 1
19 31 6 2
19 32 0 1
19 24 6 2
19 47 6 2
19 22 7 0
19 30 0 1
19 31 7 0
19 24 6 2
19 39 3 3
91 24 6 0
91 17 12 1
15 36 8 0
15 17 8 0
15 38 8 0
22 45 7 0
22 39 7 0
22 45 7 0
22 22 7 0
22 45 7 0
22 22 7 0
22 49 0 1
22 39 7 0
22 39 7 0
22 39 7 0
22 39 7 2
22 45 7 0
22 39 7 0
22 33 7 0
22 45 7 0
22 25 2 3
22 22 7 0
22 39 7 0
22 48 7 0
22 26 7 2
22 12 2 3
22 34 7 4
22 39 7 0
22 39 7 0
56 42 9 0
16 17 2 0
16 37 12 1
16 20 2 0
16 0 2 0
76 23 2 0
76 20 2 0
76 0 2 0
76 0 2 0
76 0 2 0
76 20 2 0
76 23 2 0
76 23 2 0
76 16 2 0
76 0 2 0
76 20 2 0
76 12 2 0
76 20 2 0
76 20 2 0
76 20 2 0
76 20 2 0
70 3 0 1
70 9 8 0
70 9 8 0
70 9 8 0
85 12 2 0
85 34 2 0
85 49 2 0
11 20 3 1
11 32 0 0
11 29 0 0
11 29 0 0
11 25 0 0
11 30 0 0
11 20 3 1
11 26 0 0
11 32 0 0
11 33 3 1
11 31 0 0
11 20 3 1
11 20 3 1
11 34 0 0
11 30 0 0
11 20 3 1
11 40 3 1
11 32 0 0
11 24 0 0
11 20 3 1
11 29 0 0
11 20 3 1
11 40 3 1
11 33 0 0
88 43 9 0
88 47 6 1
46 28 5 0
46 28 5 0
46 24 5 0
46 28 5 0
46 28 5 0
46 24 5 0
46 24 5 0
46 49 5 0
26 3 12 0
26 27 6 1
106 4 8 0
106 9 8 0
106 47 6 1
106 38 8 0
106 44 8 0
106 9 8 0
106 45 8 2
41 39 3 0
41 22 7 1
41 7 3 0
41 22 3 0
41 20 3 0
41 24 6 2
41 20 3 0
41 20 3 0
41 20 6 2
41 47 6 2
41 39 3 0
41 1 3 0
41 20 3 0
41 47 6 2
41 24 6 2
23 35 0 0
23 30 0 0
23 30 0 0
23 30 0 0
23 11 0 0
23 48 0 0
23 26 0 0
23 30 0 0
23 45 0 1
23 35 0 0
23 11 0 0
23 30 0 0
23 26 0 0
23 35 0 0
23 11 0 0
23 28 0 0
23 39 0 0
23 3 0 0
23 26 0 0
23 39 0 0
23 24 0 0
23 26 0 0
17 25 0 1
17 31 6 0
17 32 0 1
17 34 6 0
17 31 0 1
17 16 0 1
17 32 0 1
17 25 6 0
17 30 0 1
17 31 0 1
17 24 11 3
17 16 0 1
17 17 0 1
17 32 0 1
17 26 0 1
17 32 6 2
17 27 6 0
17 31 6 0
17 24 6 0
17 33 0 1
17 11 0 1
95 9 8 0
95 18 8 0
95 43 8 0
95 9 8 0
95 18 8 0
107 36 4 0
107 24 6 1
71 2 8 0
71 47 6 1
71 24 6 1
71 43 8 0
71 46 11 2
101 46 1 0
101 16 6 1
101 12 1 0
94 48 8 0
94 47 8 0
94 49 8 0
94 44 8 0
94 48 8 0
94 42 8 0
73 48 8 0
73 31 7 1
73 27 13 2
73 18 13 2
73 21 7 1
59 19 11 0
59 19 11 0
59 6 11 0
59 19 11 0
59 19 11 0
59 46 11 0
59 24 11 0
59 19 11 0
59 19 11 0
59 16 11 0
74 10 6 1
74 10 6 1
74 26 0 0
74 31 6 1
74 39 6 1
74 39 0 0
74 31 6 1
74 25 0 0
74 31 6 1
74 30 0 0
74 11 0 0
21 31 7 0
21 31 7 0
21 24 0 2
21 26 0 1
21 21 7 0
21 39 7 0
21 39 7 0
21 30 0 1
21 20 7 0
21 34 7 0
21 30 0 1
21 21 7 0
21 26 0 2
21 39 7 0
21 21 7 0
21 22 7 0
21 24 7 0
21 39 7 0
21 22 7 0
21 11 0 1
21 30 0 1
21 21 7 0
21 22 7 0
21 22 7 0
21 22 7 0
21 22 7 0
21 26 0 1
21 22 7 0
21 17 0 1
51 12 1 1
51 20 6 0
51 6 6 0
51 6 6 0
30 6 6 0
30 47 6 0
30 24 6 0
30 47 6 0
4 24 16 0
4 26 0 1
4 45 0 2
4 11 0 1
4 32 0 1
4 43 16 0
4 24 0 1
4 24 16 0
4 45 0 1
4 45 16 0
4 49 16 0
4 30 0 3
4 39 3 4
4 22 16 0
4 49 16 0
4 8 16 0
4 43 16 0
57 49 0 0
102 9 3 0
102 12 1 1
102 32 3 0
96 10 6 0
96 10 6 0
96 45 6 0
96 10 6 0
96 10 6 0
97 12 1 0
97 16 1 0
97 15 1 0
47 3 12 1
47 24 5 0
47 24 5 0
47 33 5 0
47 28 5 0
47 24 5 0
47 17 5 0
47 28 5 0
47 24 5 0
