d w z t
54 36 5 1
54 38 8 0
54 38 8 0
85 49 9 1
85 12 5 0
85 34 9 1
88 47 5 0
88 43 5 1
1 39 4 1
1 7 6 0
1 39 4 1
1 31 6 0
1 8 6 0
1 31 6 0
1 8 6 0
1 45 3 2
1 13 6 0
1 13 6 0
1 45 3 2
1 39 3 2
1 8 6 0
1 20 6 0
1 31 6 0
7 16 8 0
68 27 5 0
64 4 5 0
64 43 5 0
64 4 5 0
64 36 5 0
64 20 6 1
64 43 5 0
70 9 5 1
70 3 7 2
70 9 6 0
70 9 5 1
31 31 2 0
31 2 2 0
31 12 5 1
105 4 5 0
105 34 9 1
105 27 9 1
35 25 3 1
35 31 2 2
35 7 3 1
35 7 3 1
35 31 2 2
35 31 1 0
35 7 3 1
35 31 2 2
35 31 2 2
35 40 2 2
35 30 3 1
35 14 3 1
35 32 2 2
35 12 3 1
35 7 3 1
35 7 3 1
35 7 3 1
35 31 2 2
103 9 5 1
103 49 0 0
103 12 5 1
15 17 8 0
15 38 8 0
15 36 8 0
94 48 8 0
94 42 8 0
94 48 8 0
94 49 8 0
94 47 8 0
94 44 8 0
86 12 5 0
86 9 5 0
86 13 5 0
84 12 5 0
84 46 5 0
84 36 5 0
84 18 5 0
84 47 5 0
19 31 2 1
19 32 0 0
19 39 0 0
19 24 0 0
19 39 0 0
19 47 2 1
19 22 0 0
19 30 0 0
19 45 0 0
19 3 0 0
19 14 0 0
19 39 0 0
19 24 0 0
19 11 0 0
19 30 0 0
19 31 2 1
19 31 2 1
89 5 7 0
89 49 5 1
89 42 7 0
89 47 7 0
89 41 7 0
27 44 5 0
27 36 5 0
27 26 8 1
27 9 5 0
27 43 8 2
27 44 8 2
27 36 8 2
27 17 8 1
47 24 4 0
47 24 4 0
47 28 4 0
47 17 4 0
47 24 4 0
47 33 4 0
47 28 4 0
47 3 4 0
47 24 4 0
66 12 5 0
66 12 5 0
66 43 5 0
106 9 5 0
106 4 5 0
106 38 8 1
106 47 5 0
106 9 5 0
106 45 5 0
106 44 5 0
90 23 1 0
90 20 1 0
90 20 1 0
90 20 1 0
90 0 1 0
90 23 1 0
90 0 1 0
90 20 1 0
90 20 1 1
90 0 1 0
90 0 1 0
90 23 1 0
90 12 1 0
90 20 1 0
90 20 1 0
73 27 6 1
73 18 5 2
73 48 0 0
73 21 6 1
73 31 6 1
36 39 3 0
36 24 3 0
36 1 3 0
36 40 3 0
36 14 3 0
36 7 3 0
36 40 2 1
36 7 3 0
36 42 3 0
36 35 3 0
36 7 3 0
36 20 3 0
36 40 3 0
36 7 3 0
36 30 3 0
36 48 3 0
36 39 3 0
36 22 3 0
36 20 3 0
36 35 2 1
58 41 4 0
58 1 4 0
58 24 4 0
58 17 4 0
58 1 4 0
58 16 5 1
12 48 3 0
12 22 3 0
12 20 1 2
12 31 2 1
12 7 3 0
12 16 2 1
12 31 2 1
12 7 3 0
12 20 2 1
12 20 1 2
12 7 3 0
12 42 3 0
12 17 2 1
12 25 3 0
12 14 3 0
12 20 3 0
12 31 2 1
12 20 2 1
12 39 3 0
69 36 5 0
69 5 5 0
69 15 5 0
69 27 8 1
69 36 5 2
69 28 5 0
69 36 5 0
69 5 5 0
69 12 5 0
21 20 0 0
21 22 0 0
21 30 6 3
21 22 0 0
21 11 0 0
21 34 9 2
21 26 0 0
21 39 0 0
21 21 0 0
21 22 0 4
21 30 0 0
21 39 0 0
21 39 0 0
21 39 0 0
21 21 7 1
21 26 0 0
21 21 0 0
21 31 6 3
21 26 0 0
21 22 0 0
21 30 0 0
21 22 0 0
21 22 0 0
21 24 6 3
21 24 0 0
21 17 4 5
21 31 6 3
21 21 0 0
21 22 0 0
4 8 6 1
4 32 0 0
4 39 0 0
4 45 0 0
4 26 0 0
4 11 0 0
4 45 0 0
4 30 0 0
4 45 0 0
4 24 4 2
4 49 0 0
4 43 0 0
4 22 0 0
4 43 0 0
4 49 0 0
4 24 4 2
4 24 0 0
76 23 1 0
76 0 1 0
76 0 1 0
76 20 1 0
76 20 1 0
76 20 1 0
76 23 1 0
76 20 1 0
76 16 1 0
76 23 1 0
76 0 1 0
76 12 1 0
76 20 1 0
76 20 1 0
76 20 1 0
76 0 1 0
23 11 0 0
23 45 0 0
23 35 0 0
23 11 0 0
23 24 0 0
23 30 0 0
23 39 0 0
23 30 0 0
23 35 0 0
23 26 0 0
23 39 0 0
23 30 0 0
23 30 0 0
23 11 0 0
23 48 8 1
23 3 0 0
23 35 0 0
23 26 0 0
23 30 0 0
23 28 4 2
23 26 0 0
23 26 0 0
25 24 4 0
25 32 4 0
25 3 0 1
25 17 4 0
25 16 5 2
25 24 0 1
78 42 2 0
78 42 2 0
78 31 2 0
78 42 2 0
78 20 2 0
78 20 2 0
78 31 2 0
87 20 5 0
87 45 0 1
87 44 5 0
87 16 5 0
87 28 5 0
87 4 5 0
87 24 8 2
3 8 6 0
3 31 6 0
3 8 6 0
3 21 6 0
3 25 6 0
3 13 6 0
3 8 6 0
3 31 6 0
3 8 6 0
3 20 6 0
3 41 6 0
17 24 0 1
17 25 3 2
17 31 2 0
17 32 2 0
17 16 2 0
17 31 2 0
17 32 0 1
17 33 2 0
17 34 2 0
17 24 0 1
17 16 2 0
17 25 2 0
17 26 2 0
17 31 2 0
17 32 0 1
17 27 6 3
17 17 2 0
17 30 0 1
17 32 0 1
17 11 0 1
17 31 2 0
80 11 0 0
80 20 2 1
80 30 0 0
80 16 2 1
80 26 2 1
80 45 1 2
9 44 8 0
9 23 8 0
9 3 8 0
9 37 8 0
9 49 8 0
9 3 8 0
9 17 8 0
26 3 8 0
26 27 8 0
99 5 5 0
99 13 5 1
99 9 5 0
99 13 5 0
99 13 5 0
99 49 5 0
99 13 1 2
99 9 5 0
99 27 5 1
82 38 7 0
82 9 5 1
49 38 8 0
49 41 6 1
49 38 8 0
49 38 8 0
49 17 8 0
49 38 8 0
49 9 5 2
49 41 8 0
49 38 8 0
24 34 9 1
24 10 9 1
24 41 7 4
24 10 9 1
24 49 8 2
24 31 2 0
24 47 2 0
24 10 9 1
24 47 2 0
24 47 2 0
24 30 7 4
24 15 7 4
24 31 7 4
24 16 2 0
24 10 7 4
24 20 2 0
24 47 1 3
24 20 7 4
97 15 1 0
97 16 1 0
97 12 2 1
52 31 7 1
52 20 9 0
52 31 7 1
52 1 4 2
52 11 7 1
52 42 7 1
52 42 7 1
52 42 7 1
52 42 7 1
57 49 5 0
43 2 6 1
43 49 4 0
43 17 4 0
5 20 1 0
5 37 8 1
96 10 9 0
96 45 9 0
96 10 9 0
96 10 9 0
96 10 9 0
0 44 8 0
0 37 8 0
0 16 8 0
32 16 4 0
32 37 4 0
32 16 4 0
61 7 3 0
61 6 3 0
61 7 3 0
61 34 3 0
107 24 4 0
107 36 4 0
39 39 0 0
39 24 0 0
39 30 0 0
39 24 0 0
39 30 0 0
39 24 0 0
39 30 0 0
39 24 0 0
39 30 0 0
39 30 0 0
39 33 0 0
39 35 0 0
39 39 0 0
39 32 0 0
39 30 0 0
39 32 0 0
39 24 0 0
39 7 0 0
39 24 0 0
39 24 0 0
39 11 0 0
39 16 8 1
39 11 0 0
39 30 0 0
39 45 0 0
39 30 0 0
39 39 0 0
71 2 8 0
71 24 6 1
71 47 5 2
71 46 5 2
71 43 8 0
104 36 5 0
104 13 5 0
104 46 5 0
104 32 5 0
104 2 8 1
104 41 8 1
104 45 5 0
104 3 8 1
56 42 7 0
101 12 5 0
101 46 5 0
101 16 5 0
51 6 7 0
51 12 7 0
51 20 2 1
51 6 5 2
10 29 0 0
10 30 0 0
10 39 0 0
10 30 0 0
10 20 2 1
10 32 0 0
10 29 2 1
10 26 2 1
10 30 0 0
10 11 0 0
10 39 0 0
10 14 3 2
10 29 0 0
10 30 0 0
10 20 2 1
10 32 0 0
10 30 0 0
10 32 0 0
10 11 0 0
10 20 0 0
10 20 2 3
10 31 2 1
10 16 2 1
10 29 0 0
10 32 0 0
10 20 2 1
10 24 0 0
44 20 4 0
44 3 4 0
44 3 4 0
92 44 5 1
92 31 2 2
92 12 5 1
92 20 2 2
92 24 4 0
92 24 2 2
92 20 2 2
92 31 4 0
92 43 5 1
92 31 5 1
92 9 5 1
92 24 4 0
92 21 4 0
29 24 6 0
29 6 6 2
29 49 5 1
29 41 6 0
29 12 5 1
29 43 8 3
13 47 2 0
13 20 2 0
13 39 2 0
13 47 7 1
13 25 2 0
13 47 2 0
13 20 2 0
13 16 2 0
13 31 2 0
13 20 2 0
13 24 2 0
13 26 2 0
13 47 2 0
13 47 2 0
13 31 2 0
13 20 2 0
13 20 2 0
13 47 2 2
108 3 4 0
108 24 4 0
60 9 5 0
60 47 5 0
60 43 5 0
60 45 3 1
8 15 7 0
8 33 7 1
8 41 7 0
8 41 7 0
8 20 7 1
30 24 4 1
30 47 5 0
30 6 5 0
30 47 5 0
41 1 4 2
41 20 2 1
41 20 3 0
41 20 3 0
41 24 4 2
41 22 4 2
41 47 2 1
41 7 3 0
41 24 3 0
41 39 3 0
41 39 3 0
41 20 2 1
41 20 3 0
41 47 2 1
41 22 4 2
79 36 5 0
79 12 5 0
79 27 8 1
79 43 5 2
79 46 5 2
79 12 5 2
55 24 4 0
55 24 4 0
55 1 4 0
55 1 4 0
55 20 4 0
55 1 4 0
55 21 4 0
55 1 4 0
55 24 4 0
55 17 4 0
55 24 4 0
55 1 4 0
55 17 4 0
55 1 4 0
74 25 2 0
74 11 0 2
74 31 2 0
74 39 0 2
74 10 9 1
74 31 2 0
74 26 2 0
74 10 9 1
74 31 2 0
74 30 0 2
74 39 3 3
20 39 0 0
20 39 0 0
20 32 0 0
20 21 0 0
20 21 0 0
20 39 0 0
20 39 0 0
20 32 0 0
20 31 0 0
20 39 0 0
20 24 0 0
20 21 0 0
20 3 0 0
20 41 0 0
20 30 0 0
48 46 5 0
48 37 1 1
42 0 1 0
42 45 3 1
42 0 1 0
42 3 1 0
38 24 0 1
38 24 9 3
38 30 0 1
38 39 3 0
38 45 3 0
38 14 3 0
38 26 0 1
38 39 3 0
38 20 3 4
38 30 0 1
38 48 3 0
38 20 9 3
38 39 3 0
38 18 6 5
38 21 0 1
38 39 3 2
38 7 3 0
38 21 3 0
38 20 3 0
38 30 0 1
38 45 6 5
38 48 3 0
38 7 3 0
50 33 5 1
50 33 7 0
50 37 4 2
50 15 7 0
50 12 4 2
100 24 6 0
100 2 6 0
100 24 6 0
100 31 6 0
100 2 6 0
100 31 2 1
100 18 6 0
100 10 9 2
100 21 6 0
100 47 2 1
100 18 6 0
33 37 8 0
33 48 8 0
33 41 7 1
33 37 8 0
22 25 3 0
22 39 0 1
22 45 3 0
22 45 3 0
22 33 3 0
22 45 3 0
22 39 0 1
22 39 3 0
22 39 3 0
22 34 3 0
22 45 3 0
22 39 3 0
22 39 3 0
22 22 3 0
22 45 3 0
22 39 3 0
22 12 3 0
22 39 3 0
22 49 3 0
22 48 3 0
22 22 4 2
22 39 3 0
22 22 3 0
22 26 0 1
63 36 5 0
63 28 5 0
63 46 5 0
63 4 5 0
45 12 5 0
45 45 5 0
45 27 5 0
45 34 2 1
45 46 5 0
40 22 3 0
40 32 0 4
40 7 3 0
40 39 3 0
40 39 0 3
40 22 3 2
40 21 6 1
40 22 3 0
40 22 3 0
40 20 3 0
40 39 3 0
40 47 2 5
40 31 6 1
40 6 6 1
40 20 6 1
40 22 3 0
40 7 3 0
40 24 6 1
40 39 3 0
40 31 6 1
40 21 6 1
40 39 3 0
40 34 3 0
40 22 3 2
40 20 6 1
40 39 3 0
98 35 3 0
98 35 3 0
98 7 3 0
2 24 6 0
2 21 6 0
2 41 6 0
2 31 6 0
2 21 6 0
2 40 6 0
2 8 6 0
2 8 6 0
2 8 6 0
2 21 6 0
2 21 6 0
2 25 9 1
2 24 6 0
2 24 6 0
2 8 6 0
2 24 6 0
2 20 6 0
2 8 6 0
2 21 6 0
2 41 6 0
2 8 6 0
14 16 2 0
14 20 2 0
14 20 2 0
14 31 2 0
14 47 2 0
14 39 3 1
14 41 7 2
14 12 7 2
14 20 2 0
14 20 2 0
14 39 3 1
14 20 3 1
14 40 2 0
14 39 2 0
14 33 7 2
14 16 2 0
14 39 3 1
93 24 4 0
93 24 4 0
93 16 4 0
93 24 4 0
93 16 4 0
93 16 4 0
93 11 4 0
93 20 2 1
93 31 4 2
93 4 2 1
93 32 4 0
93 33 2 1
91 24 6 0
91 17 8 1
16 0 1 0
16 17 8 1
16 37 8 1
16 20 1 0
95 9 5 0
95 18 5 1
95 9 5 1
95 43 5 0
95 18 5 0
18 20 2 1
18 39 2 1
18 20 2 1
18 31 2 2
18 17 2 1
18 11 2 1
18 32 0 0
18 31 2 1
18 31 6 3
18 31 2 1
18 30 6 3
18 31 2 1
18 24 5 4
18 25 2 1
18 33 2 1
18 22 0 5
18 20 2 1
18 34 2 1
67 46 5 0
67 44 4 1
83 47 5 0
83 36 5 0
83 4 5 0
83 45 5 0
83 45 0 1
83 45 0 1
83 45 0 1
37 20 3 0
37 48 3 0
37 17 3 0
37 14 3 0
37 48 3 0
37 39 3 0
37 20 3 0
37 7 3 0
37 24 3 0
37 39 3 0
37 39 3 0
37 48 3 0
37 31 3 0
37 14 3 0
37 39 3 0
37 48 3 0
37 24 3 0
75 41 7 0
75 40 7 0
75 5 7 0
28 3 0 0
28 11 0 0
28 29 0 0
28 39 0 0
28 24 0 0
28 39 0 0
28 29 0 0
28 11 0 0
28 24 0 0
28 29 0 0
28 24 0 0
28 30 0 0
28 24 0 0
46 28 4 0
46 24 4 0
46 28 4 0
46 49 4 0
46 28 4 0
46 28 4 0
46 24 4 0
46 24 4 0
62 38 8 0
77 16 5 0
77 43 8 1
77 15 8 1
77 13 8 1
77 17 8 1
77 43 8 1
77 15 8 1
77 48 8 1
72 27 8 0
72 44 8 0
6 2 6 0
6 6 6 0
6 13 6 0
6 31 6 0
6 13 6 0
6 26 2 1
6 24 6 0
6 31 2 1
6 31 2 1
6 6 6 0
6 30 6 0
6 24 6 0
102 12 5 0
102 32 4 1
102 9 5 0
65 36 5 0
65 12 5 0
65 15 5 0
65 5 5 0
65 5 5 0
65 36 5 0
65 28 4 1
65 36 5 0
65 27 5 0
59 19 4 0
59 19 4 0
59 24 4 0
59 16 4 0
59 46 4 0
59 19 4 0
59 19 4 0
59 19 4 0
59 19 4 0
59 6 4 0
81 4 5 0
81 16 5 0
81 43 5 0
11 26 2 1
11 20 2 1
11 40 2 1
11 33 2 1
11 29 0 0
11 25 2 1
11 20 2 1
11 32 0 0
11 20 2 1
11 20 2 1
11 33 2 1
11 30 0 0
11 32 2 1
11 31 2 1
11 20 2 1
11 29 0 0
11 20 2 1
11 40 2 1
11 24 0 0
11 34 2 1
11 32 0 0
11 20 2 1
11 29 0 0
11 30 0 0
53 24 6 0
53 41 6 1
53 19 6 0
53 41 6 0
34 17 8 0
34 37 8 0
34 15 8 0
