d w z t
76 16 0 0
76 20 2 1
76 23 0 0
76 0 0 0
76 0 0 0
76 23 0 0
76 0 0 0
76 20 0 0
76 23 0 0
76 20 0 0
76 20 0 0
76 0 0 0
76 12 0 0
76 20 0 0
76 20 0 0
76 20 0 0
97 15 3 0
97 16 0 1
97 12 3 0
91 24 7 0
91 17 7 0
65 15 5 0
65 36 5 0
65 27 5 0
65 12 5 0
65 5 5 0
65 28 5 0
65 36 5 0
65 5 5 0
65 36 5 0
37 39 8 0
37 14 8 0
37 24 2 1
37 39 8 0
37 17 2 1
37 48 8 0
37 14 2 1
37 20 2 1
37 48 2 2
37 24 2 2
37 48 2 2
37 48 8 0
37 20 2 2
37 39 2 1
37 39 2 2
37 7 2 2
37 31 2 1
0 37 10 0
0 16 2 1
0 44 10 0
70 9 3 0
70 9 3 0
70 9 3 0
70 3 3 0
33 37 6 0
33 48 9 1
33 41 6 0
33 37 9 1
31 31 2 0
31 12 2 0
31 2 2 0
21 21 8 0
21 21 8 0
21 39 8 0
21 21 8 0
21 24 2 1
21 22 2 1
21 17 2 1
21 30 1 2
21 26 8 0
21 26 8 0
21 22 2 1
21 24 1 2
21 20 2 1
21 22 8 0
21 30 8 0
21 22 8 0
21 34 8 0
21 30 2 1
21 21 8 0
21 11 8 0
21 39 8 0
21 39 2 1
21 31 8 0
21 22 8 0
21 22 8 0
21 39 8 0
21 26 8 0
21 31 2 1
21 22 2 1
62 38 8 0
26 3 7 0
26 27 5 1
71 43 6 0
71 24 1 1
71 47 6 2
71 2 6 0
71 46 6 2
19 31 8 0
19 11 1 1
19 39 8 0
19 47 1 1
19 24 1 1
19 30 1 2
19 30 8 0
19 22 8 0
19 45 8 0
19 39 8 0
19 32 1 2
19 14 8 0
19 24 7 3
19 3 1 2
19 39 8 0
19 31 6 4
19 31 8 0
67 44 3 0
67 46 3 0
79 43 5 0
79 12 5 0
79 36 5 0
79 12 5 0
79 46 5 0
79 27 5 0
105 34 5 0
105 27 5 0
105 4 5 0
4 43 9 3
4 43 1 2
4 49 6 1
4 45 1 0
4 24 1 2
4 11 1 0
4 26 9 3
4 32 1 2
4 8 6 1
4 49 6 1
4 24 1 0
4 30 1 0
4 45 1 2
4 22 1 0
4 39 1 2
4 24 1 2
4 45 1 0
8 20 0 0
8 41 6 2
8 15 5 1
8 33 5 1
8 41 5 1
87 44 1 0
87 24 1 0
87 4 9 1
87 16 9 1
87 45 1 0
87 20 1 0
87 28 7 2
32 16 9 0
32 16 9 0
32 37 8 1
103 49 3 0
103 9 3 0
103 12 3 0
64 43 9 0
64 20 1 1
64 4 9 0
64 4 9 0
64 36 9 0
64 43 9 0
9 3 3 0
9 37 3 0
9 49 3 0
9 23 3 0
9 3 3 0
9 17 3 0
9 44 3 0
52 31 2 0
52 42 2 0
52 42 2 0
52 11 11 1
52 1 7 2
52 42 2 0
52 31 2 0
52 42 2 0
52 20 2 0
56 42 2 0
20 39 8 0
20 39 1 2
20 21 4 1
20 24 4 1
20 39 8 0
20 39 8 0
20 32 8 0
20 31 8 0
20 3 0 3
20 30 8 0
20 32 8 0
20 21 4 1
20 21 4 1
20 39 8 0
20 41 4 1
29 12 9 1
29 41 6 0
29 49 6 0
29 24 9 1
29 6 9 1
29 43 9 1
96 10 12 0
96 10 6 1
96 45 12 0
96 10 6 1
96 10 12 0
51 6 9 0
51 20 9 0
51 12 9 0
51 6 9 0
98 35 2 0
98 35 4 1
98 7 2 0
30 47 2 0
30 24 2 0
30 6 5 1
30 47 2 0
83 45 5 1
83 45 6 0
83 45 6 0
83 47 6 0
83 45 6 2
83 4 6 0
83 36 5 1
61 34 8 0
61 7 2 1
61 7 2 1
61 6 2 1
10 24 1 0
10 39 1 2
10 11 1 0
10 14 1 0
10 39 1 0
10 20 2 1
10 32 1 2
10 16 1 0
10 26 1 0
10 29 1 0
10 20 2 1
10 30 1 0
10 20 2 1
10 29 1 0
10 30 1 0
10 20 1 0
10 11 1 0
10 31 1 0
10 32 1 2
10 30 1 0
10 20 1 0
10 32 1 0
10 30 1 0
10 32 1 2
10 30 1 0
10 29 1 0
10 29 1 0
43 17 3 0
43 49 6 1
43 2 7 2
41 20 2 0
41 7 2 0
41 39 2 0
41 24 2 1
41 39 2 0
41 22 2 1
41 24 2 1
41 20 2 0
41 20 2 1
41 22 2 1
41 1 2 1
41 47 2 0
41 20 2 0
41 20 2 0
41 47 2 0
90 0 0 0
90 23 0 1
90 20 0 1
90 20 0 2
90 20 2 3
90 0 0 0
90 12 0 0
90 20 0 0
90 0 0 0
90 20 0 1
90 0 0 0
90 23 0 0
90 20 0 0
90 23 0 1
90 20 0 2
75 41 12 0
75 40 12 0
75 5 12 0
25 24 7 0
25 16 7 0
25 24 7 0
25 3 7 0
25 32 6 1
25 17 7 0
57 49 6 0
108 3 1 0
108 24 1 0
42 45 0 0
42 0 0 0
42 0 0 0
42 3 0 0
17 24 1 3
17 32 1 3
17 16 3 2
17 31 8 1
17 32 1 3
17 32 1 3
17 17 3 2
17 31 8 1
17 11 1 0
17 25 8 4
17 16 1 3
17 27 8 4
17 34 8 1
17 30 1 0
17 26 8 4
17 32 1 3
17 31 8 1
17 33 7 5
17 25 8 1
17 24 7 5
17 31 2 6
107 36 3 0
107 24 7 1
93 24 9 0
93 20 2 1
93 16 9 0
93 31 2 1
93 11 9 0
93 24 9 0
93 24 9 0
93 4 9 0
93 16 9 0
93 32 9 0
93 33 8 2
93 16 9 0
84 12 6 0
84 18 5 1
84 47 6 0
84 36 6 0
84 46 5 1
63 46 5 0
63 28 5 0
63 36 5 0
63 4 5 0
13 39 2 0
13 20 2 0
13 20 2 0
13 25 2 0
13 20 2 0
13 47 2 0
13 20 2 0
13 47 2 0
13 16 2 0
13 31 2 0
13 47 2 0
13 24 2 0
13 47 2 0
13 47 2 0
13 26 1 1
13 31 2 0
13 47 2 0
13 20 2 0
50 33 7 0
50 33 7 0
50 12 9 1
50 15 9 1
50 37 6 2
12 14 2 0
12 22 2 0
12 7 2 0
12 7 2 0
12 16 2 0
12 20 2 0
12 20 2 0
12 31 2 0
12 31 2 0
12 25 2 0
12 7 2 0
12 31 2 0
12 20 2 0
12 20 2 0
12 17 2 0
12 42 2 0
12 48 2 0
12 39 2 0
12 20 2 0
6 13 4 1
6 13 4 1
6 31 2 0
6 24 4 1
6 2 4 2
6 6 4 1
6 30 2 0
6 26 1 3
6 6 4 1
6 24 4 1
6 31 2 0
6 31 4 1
38 18 2 0
38 48 2 0
38 24 1 2
38 21 8 1
38 20 2 0
38 30 1 2
38 20 0 3
38 7 2 0
38 30 1 2
38 45 1 2
38 7 8 1
38 26 1 2
38 14 2 0
38 45 8 1
38 20 2 0
38 39 8 1
38 39 8 1
38 30 1 2
38 24 1 2
38 21 2 0
38 39 8 1
38 39 1 2
38 48 2 0
101 16 9 0
101 46 9 0
101 12 4 1
35 31 2 0
35 32 2 0
35 40 1 1
35 31 2 0
35 12 2 0
35 31 2 0
35 30 2 0
35 31 2 0
35 7 2 0
35 7 2 0
35 7 2 0
35 25 2 0
35 7 2 0
35 7 2 0
35 31 2 0
35 14 2 0
35 31 2 0
35 7 2 0
102 12 3 0
102 32 3 0
102 9 3 0
66 12 3 0
66 12 3 0
66 43 3 0
60 43 3 1
60 45 1 2
60 47 3 0
60 9 3 0
27 36 3 0
27 9 3 0
27 17 3 0
27 36 3 0
27 26 3 0
27 43 3 1
27 44 3 0
27 44 3 0
28 3 1 0
28 24 1 0
28 30 1 0
28 29 1 0
28 29 1 0
28 29 1 0
28 24 1 0
28 24 1 0
28 11 1 0
28 11 1 0
28 24 1 0
28 39 1 0
28 39 1 0
3 41 4 0
3 8 4 0
3 8 4 0
3 20 4 0
3 21 4 0
3 31 4 0
3 25 4 0
3 31 4 0
3 8 4 0
3 8 4 0
3 13 4 0
77 13 3 0
77 15 3 0
77 16 9 1
77 15 3 0
77 43 3 0
77 48 3 0
77 17 7 2
77 43 3 0
81 4 9 0
81 43 9 0
81 16 9 0
78 42 2 0
78 42 2 1
78 31 2 0
78 31 2 0
78 20 2 0
78 42 2 1
78 20 2 0
80 26 1 0
80 11 1 0
80 16 1 0
80 30 1 0
80 20 2 1
80 45 1 0
24 41 6 0
24 47 6 0
24 10 6 0
24 47 2 2
24 20 2 1
24 49 6 0
24 47 6 0
24 34 6 0
24 10 6 0
24 15 6 0
24 31 2 2
24 47 6 0
24 10 6 0
24 16 1 3
24 30 1 4
24 31 2 1
24 10 6 0
24 20 2 1
69 12 5 0
69 28 5 0
69 36 5 0
69 27 5 0
69 36 5 0
69 5 5 0
69 36 5 0
69 15 5 0
69 5 5 0
88 47 3 0
88 43 3 1
14 40 2 0
14 33 2 0
14 20 2 0
14 31 2 0
14 47 2 0
14 41 2 0
14 20 2 0
14 39 8 1
14 20 2 0
14 20 2 0
14 39 2 0
14 16 3 2
14 20 2 0
14 39 8 1
14 12 3 2
14 16 8 1
14 39 2 0
85 12 9 0
85 49 9 0
85 34 9 0
18 25 2 3
18 39 1 1
18 11 1 1
18 20 2 0
18 33 1 1
18 22 8 2
18 31 2 0
18 20 2 0
18 34 9 4
18 31 2 0
18 31 2 3
18 30 1 1
18 20 2 0
18 31 2 0
18 17 2 3
18 31 2 0
18 32 1 1
18 24 2 5
95 9 3 0
95 18 3 0
95 9 3 0
95 43 3 0
95 18 3 0
53 19 12 0
53 24 7 1
53 41 12 0
53 41 12 0
99 49 3 1
99 13 3 1
99 13 3 0
99 5 3 0
99 13 3 0
99 9 3 0
99 9 3 0
99 27 3 1
99 13 3 0
58 17 7 0
58 1 7 0
58 16 7 0
58 1 7 0
58 41 7 1
58 24 7 1
7 16 9 0
55 1 7 0
55 17 8 1
55 1 7 0
55 17 7 0
55 24 7 0
55 1 7 0
55 24 7 0
55 24 7 0
55 1 7 0
55 20 7 0
55 21 8 1
55 1 7 0
55 1 7 0
55 24 7 0
72 44 1 0
72 27 6 1
34 17 0 0
34 15 0 0
34 37 0 0
45 27 5 0
45 46 5 0
45 12 5 0
45 45 5 0
45 34 5 0
68 27 6 0
92 24 2 0
92 31 2 0
92 20 2 0
92 20 2 0
92 24 2 0
92 31 2 0
92 12 3 1
92 44 3 1
92 24 2 0
92 9 3 1
92 31 2 0
92 21 3 1
92 43 3 1
106 38 3 1
106 9 6 0
106 44 3 1
106 4 6 0
106 45 6 0
106 47 6 0
106 9 3 1
100 47 6 1
100 2 6 1
100 21 6 1
100 24 1 0
100 31 2 2
100 2 7 3
100 18 7 3
100 18 7 3
100 10 6 1
100 24 7 3
100 31 2 2
49 38 12 0
49 41 12 0
49 9 5 1
49 38 12 0
49 17 2 2
49 38 12 0
49 38 12 0
49 38 12 0
49 41 12 0
39 39 1 0
39 7 1 0
39 45 1 0
39 24 1 0
39 30 1 0
39 16 1 0
39 11 1 0
39 24 1 0
39 30 1 0
39 39 1 0
39 30 1 0
39 24 1 0
39 24 1 0
39 39 1 0
39 30 1 0
39 11 1 0
39 35 1 0
39 30 1 0
39 24 1 0
39 24 1 0
39 33 1 0
39 32 1 0
39 32 1 0
39 30 1 0
39 24 1 0
39 30 1 0
39 30 1 0
89 42 6 0
89 47 1 1
89 49 6 0
89 5 6 0
89 41 6 0
16 37 0 0
16 17 0 0
16 20 0 0
16 0 0 0
22 45 8 0
22 39 8 0
22 39 8 0
22 48 8 0
22 39 8 0
22 22 8 0
22 34 8 0
22 39 8 0
22 39 8 0
22 45 8 0
22 22 8 0
22 12 8 0
22 39 8 1
22 45 8 0
22 25 8 0
22 26 8 0
22 39 8 0
22 39 8 0
22 45 8 0
22 45 8 0
22 39 8 0
22 22 8 0
22 33 8 0
22 49 5 2
47 3 7 0
47 24 7 0
47 28 7 0
47 33 7 0
47 24 7 0
47 28 7 0
47 17 7 0
47 24 7 0
47 24 7 0
23 30 1 0
23 3 1 0
23 35 1 0
23 30 1 0
23 11 1 0
23 39 1 0
23 28 7 1
23 24 1 0
23 26 1 0
23 39 1 0
23 26 1 0
23 26 1 0
23 30 1 0
23 35 1 0
23 35 1 0
23 26 1 0
23 11 1 0
23 30 1 0
23 45 1 0
23 48 1 0
23 30 1 0
23 11 1 0
36 39 1 2
36 40 2 0
36 42 2 0
36 40 2 0
36 14 2 0
36 7 2 0
36 7 2 0
36 20 1 1
36 24 2 0
36 20 2 0
36 40 1 1
36 7 2 0
36 1 2 0
36 7 2 0
36 35 1 1
36 30 1 1
36 48 2 0
36 35 1 1
36 22 2 0
36 39 2 0
74 26 2 0
74 10 8 1
74 31 2 0
74 31 2 0
74 39 2 0
74 39 8 1
74 30 8 1
74 10 8 1
74 31 2 0
74 11 2 0
74 25 2 0
48 46 5 0
48 37 5 1
46 49 7 0
46 28 7 0
46 28 7 0
46 28 7 0
46 24 7 0
46 24 7 0
46 28 7 0
46 24 7 0
15 36 13 0
15 17 13 0
15 38 13 0
82 9 5 0
82 38 5 0
86 13 3 0
86 12 3 0
86 9 3 0
1 31 2 0
1 45 4 1
1 13 2 0
1 8 4 1
1 13 4 1
1 31 2 0
1 45 4 1
1 39 2 0
1 8 4 1
1 8 4 1
1 7 2 0
1 20 2 0
1 39 2 0
1 31 2 0
1 39 2 0
59 19 9 0
59 19 9 0
59 46 9 0
59 6 9 0
59 24 9 0
59 19 9 0
59 19 9 0
59 19 9 0
59 19 9 0
59 16 9 0
44 3 0 0
44 3 0 0
44 20 0 0
40 22 8 1
40 22 8 2
40 22 8 2
40 47 2 0
40 21 8 1
40 39 2 0
40 6 2 0
40 39 8 2
40 39 8 1
40 7 2 0
40 24 8 2
40 20 2 0
40 20 2 0
40 34 8 1
40 22 8 2
40 31 2 0
40 39 8 2
40 21 8 1
40 7 2 0
40 39 8 1
40 31 2 0
40 39 8 1
40 32 8 1
40 20 2 0
40 22 8 2
40 22 2 0
54 38 12 0
54 36 5 1
54 38 12 0
73 48 2 0
73 31 2 0
73 27 6 1
73 18 5 2
73 21 2 0
94 47 2 0
94 48 2 0
94 42 2 0
94 49 2 0
94 48 2 0
94 44 10 1
104 46 7 0
104 2 7 0
104 41 7 0
104 45 7 0
104 32 7 0
104 36 3 1
104 13 7 0
104 3 7 0
11 20 2 0
11 31 2 0
11 29 1 1
11 20 2 0
11 20 2 0
11 20 2 0
11 32 1 1
11 33 1 1
11 40 1 1
11 32 1 1
11 29 1 1
11 29 1 1
11 32 1 2
11 30 2 0
11 20 2 0
11 30 1 2
11 20 2 0
11 40 2 0
11 25 2 0
11 34 8 3
11 26 1 1
11 33 1 1
11 20 2 0
11 24 2 0
2 31 4 0
2 21 4 0
2 41 4 0
2 8 4 0
2 40 4 0
2 24 4 0
2 24 4 0
2 24 4 0
2 20 4 0
2 8 4 0
2 8 4 0
2 21 4 0
2 8 4 0
2 24 4 0
2 41 4 0
2 21 4 0
2 25 4 0
2 8 4 0
2 21 4 0
2 8 4 0
2 21 4 0
5 20 0 0
5 37 0 0
